0,168,20,16,14
1,162,26,16,14
2,159,27,18,13
3,203,41,23,19
4,144,34,20,11
5,110,26,15,5
6,138,44,18,12
7,232,103,15,31
8,161,29,11,21
9,125,13,14,7
10,144,222,16,35
11,169,21,23,9
12,282,50,21,39
13,173,27,20,12
14,75,14,4,9
15,173,27,9,23
16,15,45,5,8
17,157,23,21,7
18,92,92,16,16
19,73,17,12,4
20,70,20,4,12
21,62,17,9,3
22,251,41,29,16
23,176,46,11,19
24,185,37,21,9
25,284,49,35,25
26,282,51,28,28
27,124,14,8,13
28,43,117,25,13
29,146,19,16,10
30,84,15,6,16
31,283,50,30,30
32,160,20,12,15
33,80,20,9,8
34,90,17,10,9
35,198,31,11,21
36,84,18,5,10
37,77,20,12,6
38,146,220,20,32
39,16,16,6,6
40,166,30,23,9
41,0,0,0,0
42,234,60,24,20
43,195,35,11,25
44,189,32,27,5
45,293,40,10,50
46,97,21,15,4
47,64,16,4,11
48,85,14,5,19
49,90,26,4,15
50,486,56,16,4
51,481,254,0,1
52,161,29,10,22
53,90,17,5,12
54,86,20,9,8
55,48,183,29,3
56,161,29,14,18
57,255,34,20,25
58,170,29,19,11
59,192,68,16,16
60,197,31,15,17
61,121,37,16,7
62,145,18,8,14
63,248,44,26,19
64,195,30,14,18
65,210,51,20,12
66,282,51,33,27
67,198,30,24,8
68,190,30,24,8
69,256,91,20,25
70,190,59,27,10
71,50,30,20,10
72,221,67,33,15
73,200,29,11,21
74,202,27,24,8
75,211,88,21,21
76,103,35,9,9
77,203,42,12,30
78,110,35,7,17
79,163,27,10,22
80,163,27,12,20
81,196,16,21,9
82,150,16,10,17
83,259,90,14,32
84,209,41,18,26
85,163,27,19,13
86,95,20,14,4
87,330,208,47,0
88,95,20,10,8
89,209,35,26,16
90,40,225,27,5
91,229,45,15,33
92,95,18,16,3
93,171,13,12,12
94,44,156,17,15
95,72,28,3,15
96,9,24,6,5
97,134,17,11,15
98,237,43,27,18
99,118,27,13,10
100,93,24,5,15
101,203,41,28,14
102,74,24,3,13
103,97,18,7,11
104,99,16,7,11
105,13,19,2,7
106,12,20,2,7
107,285,48,23,37
108,139,30,19,6
109,167,23,16,15
110,9,10,2,2
111,90,17,9,10
112,247,45,19,26
113,183,92,15,25
114,127,26,11,12
115,279,54,38,20
116,19,180,3,32
117,144,25,19,8
118,208,33,14,28
119,192,33,19,17
120,161,29,15,15
121,168,22,21,11
122,233,55,19,31
123,203,38,22,20
124,131,16,21,4
125,258,63,28,28
126,193,73,18,19
127,161,29,21,11
128,139,35,21,7
129,174,52,16,16
130,21,49,9,6
131,31,154,16,16
132,43,146,16,16
133,146,39,13,15
134,288,42,26,34
135,188,39,10,28
136,17,145,15,15
137,226,92,20,20
138,34,165,26,6
139,128,15,18,5
140,145,26,21,6
141,153,30,16,16
142,247,88,20,22
143,291,39,33,27
144,120,27,12,12
145,119,29,13,11
146,15,52,8,7
147,214,42,29,14
148,197,32,9,23
149,262,30,29,16
150,148,35,20,12
151,280,52,23,35
152,291,45,31,29
153,28,155,20,12
154,10,22,5,3
155,10,22,2,6
156,111,24,10,10
157,206,73,26,14
158,221,68,24,25
159,145,221,29,19
160,188,20,9,21
161,188,20,6,24
162,164,19,10,10
163,255,40,28,18
164,231,37,15,28
165,261,31,27,18
166,249,43,30,15
167,101,23,4,16
168,203,41,27,15
169,132,168,29,20
170,192,72,9,23
171,202,66,23,12
172,260,40,20,20
173,226,75,18,18
174,191,69,11,21
175,200,26,21,16
176,200,36,10,28
177,146,253,30,30
178,15,15,5,7
179,85,27,10,8
180,208,77,14,26
181,255,37,18,27
182,141,225,33,18
183,156,26,20,12
184,151,31,21,9
185,84,22,3,16
186,283,50,33,27
187,90,22,3,16
188,88,24,3,16
189,10,26,5,3
190,123,24,11,13
191,35,8,5,7
192,35,8,7,5
193,11,134,16,22
194,283,51,30,30
195,38,71,7,13
196,200,25,19,13
197,134,19,5,20
198,137,17,12,12
199,186,38,15,21
200,20,180,21,11
201,147,8,10,11
202,194,35,18,14
203,197,33,25,11
204,96,20,5,15
205,25,67,9,14
206,194,61,10,27
207,23,324,23,23
208,199,25,21,12
209,246,89,21,21
210,249,85,19,23
211,11,49,10,6
212,132,18,11,14
213,21,130,15,5
214,203,40,21,21
215,245,47,22,23
216,143,15,4,19
217,143,15,5,18
218,161,29,13,19
219,94,18,7,11
220,202,28,16,16
221,202,28,20,12
222,196,67,17,15
223,141,23,8,18
224,285,48,50,8
225,110,18,4,16
226,81,24,5,11
227,81,24,11,5
228,10,210,16,16
229,134,35,19,8
230,285,45,20,40
231,120,24,7,17
232,163,27,17,14
233,191,68,16,16
234,220,74,17,15
235,222,72,15,17
236,118,27,8,15
237,112,30,3,18
238,77,26,11,6
239,89,21,9,9
240,247,45,15,30
241,32,148,28,4
242,192,38,24,12
243,158,32,14,18
244,218,36,15,28
245,80,17,8,7
246,197,32,25,7
247,202,27,26,6
248,228,41,21,22
249,14,44,5,9
250,95,21,7,13
251,132,168,28,21
252,9,50,7,7
253,280,53,35,23
254,286,47,25,35
255,11,48,10,4
256,87,15,9,8
257,186,24,13,23
258,87,16,9,9
259,86,18,9,8
260,205,24,21,11
261,278,52,24,36
262,160,29,16,16
263,149,34,10,22
264,103,21,4,16
265,132,40,14,14
266,44,131,19,10
267,290,55,27,19
268,278,52,20,40
269,210,36,21,21
270,122,178,30,19
271,254,58,33,16
272,160,30,13,18
273,207,36,17,25
274,210,27,28,14
275,170,20,13,19
276,161,29,8,24
277,15,259,24,24
278,125,20,12,11
279,133,24,17,7
280,131,26,17,7
281,160,25,9,23
282,158,27,20,12
283,95,20,15,5
284,120,28,16,8
285,29,49,7,7
286,145,220,26,26
287,0,49,30,28
288,45,26,8,8
289,54,18,5,7
290,100,38,10,10
291,13,27,8,3
292,213,55,23,23
293,260,40,30,20
294,208,42,14,30
295,210,35,21,21
296,197,28,22,10
297,30,13,5,6
298,88,13,7,12
299,160,30,14,18
300,240,52,22,23
301,233,57,33,17
302,17,16,7,5
303,14,19,7,5
304,119,28,6,18
305,149,34,15,15
306,188,36,23,9
307,149,35,20,8
308,139,30,20,5
309,252,40,22,23
310,257,90,23,22
311,257,90,15,30
312,212,28,21,21
313,205,45,17,29
314,200,25,17,15
315,9,22,5,4
316,149,30,11,19
317,142,224,14,34
318,174,48,11,19
319,174,48,9,21
320,145,25,20,8
321,244,91,24,18
322,133,43,14,14
323,214,81,12,21
324,84,16,5,10
325,66,10,7,7
326,281,52,36,24
327,149,34,9,23
328,107,15,10,12
329,254,34,18,27
330,211,89,17,26
331,146,34,9,23
332,252,53,28,30
333,50,20,6,5
334,117,17,6,14
335,80,20,10,8
336,160,30,22,10
337,209,35,18,24
338,160,30,20,12
339,149,36,8,26
340,15,45,9,7
341,15,25,4,4
342,111,239,9,7
343,135,15,10,14
344,33,49,3,17
345,221,57,21,21
346,280,51,28,30
347,140,15,10,16
348,206,23,21,11
349,137,34,6,21
350,65,10,8,3
351,192,69,21,11
352,142,224,33,15
353,150,34,22,5
354,60,30,7,11
355,97,19,9,9
356,9,4,2,3
357,168,22,19,13
358,158,22,26,6
359,137,30,13,10
360,168,27,15,8
361,28,172,2,3
362,42,190,26,6
363,194,81,18,19
364,226,62,32,12
365,226,63,23,22
366,172,28,12,21
367,144,25,10,17
368,176,46,8,22
369,197,32,12,20
370,91,29,15,3
371,135,18,14,12
372,20,179,23,9
373,130,25,8,17
374,281,49,38,22
375,81,20,11,5
376,85,16,13,3
377,199,30,16,16
378,62,22,6,8
379,135,36,13,15
380,139,18,9,16
381,15,134,11,11
382,99,19,12,6
383,277,45,25,33
384,162,28,12,20
385,160,30,15,15
386,148,36,5,22
387,117,26,13,7
388,85,23,5,13
389,122,13,10,12
390,191,58,26,11
391,199,69,22,13
392,210,72,25,7
393,278,52,22,38
394,142,224,28,23
395,279,51,32,28
396,10,21,5,4
397,10,21,7,2
398,0,18,5,2
399,19,19,5,2
400,250,39,18,27
401,221,71,16,16
402,152,14,14,11
403,154,26,9,21
404,189,32,21,11
405,82,18,6,13
406,256,33,17,28
407,50,15,7,5
408,50,15,5,7
409,238,36,34,14
410,8,76,13,4
411,5,79,12,5
412,27,27,4,5
413,27,27,5,4
414,85,25,12,6
415,200,35,23,9
416,85,18,13,5
417,82,21,7,11
418,198,31,16,17
419,170,29,20,12
420,196,70,10,22
421,38,161,14,18
422,276,57,26,34
423,145,38,21,12
424,171,29,21,11
425,202,42,26,16
426,150,33,13,19
427,288,45,25,35
428,73,13,9,9
429,203,26,10,22
430,11,20,5,4
431,230,89,20,20
432,85,24,9,8
433,108,12,10,10
434,278,67,30,25
435,189,36,18,14
436,162,23,10,21
437,19,51,8,8
438,156,13,22,4
439,137,33,20,8
440,142,224,31,17
441,232,42,34,16
442,143,226,12,39
443,164,26,16,15
444,8,24,4,5
445,8,24,5,4
446,141,225,29,19
447,50,50,8,7
448,114,16,12,8
449,15,244,16,16
450,260,29,21,24
451,170,52,17,15
452,27,53,9,7
453,26,120,15,16
454,133,47,16,12
455,10,38,3,10
456,75,20,6,8
457,157,28,10,20
458,209,28,26,16
459,112,8,12,8
460,121,28,17,7
461,226,92,25,15
462,229,106,33,13
463,115,0,14,13
464,30,46,5,6
465,95,20,9,12
466,165,13,14,14
467,247,45,21,24
468,107,27,11,9
469,139,17,17,11
470,209,31,16,26
471,140,228,20,31
472,141,227,15,36
473,102,23,16,6
474,99,26,9,13
475,192,33,19,13
476,195,30,21,11
477,164,26,23,9
478,287,46,33,27
479,197,77,20,20
480,138,20,8,15
481,138,20,10,13
482,127,30,7,20
483,223,71,16,16
484,83,17,13,7
485,76,94,20,7
486,42,98,17,3
487,23,165,6,22
488,10,26,6,2
489,16,19,4,4
490,80,11,4,17
491,16,19,3,5
492,80,11,5,16
493,186,93,13,27
494,171,28,21,11
495,157,18,13,14
496,157,18,21,6
497,190,17,17,13
498,112,15,11,9
499,144,26,17,10
500,228,76,28,12
501,251,38,17,28
502,23,134,8,19
503,164,41,20,12
504,221,59,22,21
505,79,15,12,3
506,259,41,22,28
507,101,27,13,7
508,169,21,17,15
509,155,27,20,8
510,160,25,20,12
511,170,20,12,20
512,164,26,16,16
513,280,51,29,29
514,285,46,34,24
515,168,22,15,17
516,20,180,25,7
517,153,47,11,20
518,192,68,18,14
519,146,220,26,26
520,11,252,16,16
521,153,29,23,9
522,60,17,6,6
523,238,32,17,27
524,193,37,20,16
525,71,19,3,13
526,276,54,33,27
527,12,16,8,3
528,151,17,11,16
529,197,63,13,19
530,230,44,28,20
531,153,30,18,14
532,151,32,18,14
533,166,23,20,12
534,161,27,10,21
535,145,35,12,20
536,64,22,10,4
537,195,34,16,26
538,195,34,18,24
539,82,19,9,8
540,80,21,6,11
541,161,29,20,12
542,160,30,23,9
543,161,28,22,8
544,125,20,10,13
545,209,38,21,21
546,96,19,16,4
547,149,36,9,23
548,154,31,25,6
549,230,43,25,25
550,116,217,29,29
551,78,26,8,7
552,11,65,5,15
553,231,69,17,23
554,164,57,26,9
555,217,60,21,21
556,126,30,6,21
557,10,69,4,13
558,136,33,22,5
559,246,77,30,13
560,219,75,0,33
561,137,11,17,6
562,207,42,20,24
563,97,14,14,5
564,82,23,7,9
565,212,68,20,20
566,196,29,8,24
567,144,224,31,20
568,199,26,16,16
569,196,32,25,17
570,184,15,14,16
571,171,10,16,15
572,244,45,27,18
573,121,20,7,16
574,147,35,16,16
575,147,35,28,4
576,105,101,15,15
577,209,36,25,17
578,186,91,20,20
579,116,25,6,17
580,204,39,29,13
581,65,25,6,10
582,165,25,16,16
583,14,18,7,5
584,10,22,5,7
585,10,44,13,5
586,125,208,14,34
587,14,34,5,7
588,198,30,23,9
589,152,31,13,17
590,121,24,18,6
591,210,70,14,26
592,89,23,4,15
593,176,46,12,18
594,145,28,23,5
595,35,18,6,5
596,195,30,11,21
597,162,22,4,21
598,170,29,12,20
599,34,96,11,8
600,150,25,14,14
601,245,88,26,16
602,245,88,11,31
603,17,53,13,5
604,24,46,6,11
605,20,77,14,6
606,25,174,24,8
607,143,32,16,15
608,18,162,21,11
609,20,123,10,12
610,147,508,5,17
611,68,21,7,10
612,68,21,10,7
613,208,34,21,21
614,15,42,9,5
615,154,35,12,20
616,168,22,20,12
617,146,34,20,10
618,146,34,22,8
619,281,46,22,33
620,97,15,14,5
621,203,36,10,32
622,162,27,16,16
623,133,34,20,11
624,203,42,22,20
625,77,20,4,13
626,229,44,23,23
627,20,179,25,7
628,235,100,26,20
629,202,42,21,21
630,136,35,6,20
631,0,0,8,60
632,117,18,13,10
633,243,92,30,16
634,147,36,10,22
635,210,31,23,19
636,278,52,38,22
637,143,223,15,33
638,210,40,20,24
639,278,52,36,24
640,45,187,9,23
641,193,36,20,12
642,173,21,20,8
643,20,301,21,21
644,194,31,11,21
645,89,18,5,13
646,146,219,28,20
647,81,15,7,11
648,197,63,21,9
649,90,20,12,6
650,310,50,40,25
651,208,42,30,12
652,161,28,16,16
653,243,92,16,26
654,142,16,20,5
655,145,13,20,5
656,43,185,9,23
657,225,78,25,15
658,153,17,15,13
659,73,27,3,15
660,190,17,22,8
661,153,30,6,20
662,247,41,21,24
663,171,19,18,14
664,90,90,13,12
665,20,62,9,9
666,11,71,9,9
667,11,72,9,9
668,65,254,0,1
669,20,63,9,9
670,113,23,10,10
671,147,36,22,10
672,7,78,20,9
673,161,28,14,18
674,19,296,24,26
675,128,25,17,3
676,123,32,23,13
677,117,30,14,11
678,19,76,15,5
679,280,41,37,21
680,99,19,12,5
681,275,49,32,24
682,100,20,10,10
683,136,43,18,9
684,0,53,53,0
685,54,21,6,5
686,14,44,10,4
687,285,46,34,22
688,257,57,25,25
689,8,20,7,3
690,210,15,16,16
691,87,23,14,4
692,150,29,9,21
693,206,74,15,25
694,89,22,7,13
695,273,60,37,23
696,190,71,11,21
697,166,25,19,13
698,192,68,20,12
699,80,17,15,3
700,80,17,17,1
701,143,32,20,6
702,190,23,12,20
703,254,38,16,29
704,75,23,13,3
705,8,89,13,11
706,193,32,14,18
707,217,76,10,22
708,210,25,20,18
709,154,26,13,17
710,280,53,35,25
711,8,68,8,8
712,220,69,11,33
713,157,41,18,26
714,249,43,27,18
715,94,25,12,8
716,90,22,4,15
717,19,177,24,9
718,161,29,9,23
719,194,35,8,24
720,296,44,25,35
721,122,25,17,7
722,15,20,5,5
723,82,25,15,4
724,73,26,3,15
725,130,42,19,8
726,279,48,35,23
727,112,31,19,2
728,114,29,11,10
729,189,39,24,8
730,82,18,10,10
731,11,19,4,6
732,10,20,3,7
733,106,38,16,8
734,281,52,30,30
735,14,285,20,20
736,199,76,20,20
737,148,26,8,20
738,170,30,11,22
739,56,151,18,18
740,56,151,20,16
741,316,243,18,20
742,165,25,21,11
743,277,50,19,37
744,15,50,4,6
745,130,20,7,17
746,208,36,26,16
747,28,172,21,11
748,121,27,8,16
749,208,42,27,17
750,210,19,25,7
751,162,27,19,13
752,178,44,15,15
753,21,14,5,3
754,117,13,7,14
755,17,30,5,5
756,17,31,5,5
757,77,77,13,13
758,200,20,10,33
759,190,30,20,23
760,74,74,12,12
761,107,21,10,10
762,18,57,9,11
763,250,85,22,20
764,200,20,28,4
765,70,8,8,6
766,70,8,7,7
767,70,8,8,7
768,149,25,13,14
769,153,23,21,5
770,119,35,18,8
771,25,154,19,9
772,202,43,8,34
773,120,25,17,7
774,197,63,21,11
775,201,28,9,23
776,192,68,8,24
777,105,16,9,10
778,189,41,22,15
779,66,14,6,7
780,326,34,27,38
781,194,31,16,16
782,3,15,3,2
783,150,44,21,12
784,42,157,5,28
785,122,11,9,10
786,113,24,15,6
787,192,33,8,24
788,289,45,25,34
789,133,40,5,18
790,131,42,5,18
791,293,0,20,26
792,147,33,23,9
793,91,19,6,13
794,166,20,15,17
795,191,37,20,12
796,98,17,8,10
797,32,40,6,5
798,22,70,13,9
799,150,49,22,10
800,38,15,3,11
801,91,11,12,10
802,10,49,6,6
803,12,47,10,2
804,197,32,8,24
805,84,20,15,4
806,15,318,21,21
807,86,21,14,4
808,90,17,14,4
809,239,58,15,37
810,10,30,5,3
811,75,14,5,14
812,75,14,7,9
813,10,20,4,6
814,223,71,9,23
815,203,26,21,11
816,133,25,17,7
817,231,59,20,25
818,247,88,28,15
819,225,74,20,20
820,278,52,23,37
821,150,30,20,10
822,15,262,20,20
823,192,32,15,17
824,149,34,14,14
825,92,26,10,8
826,236,46,22,23
827,17,134,11,11
828,14,254,16,16
829,98,24,16,5
830,140,19,13,12
831,140,19,20,5
832,207,61,30,2
833,20,62,15,5
834,149,34,13,19
835,35,164,20,12
836,275,58,28,31
837,154,26,7,21
838,17,137,12,12
839,107,36,15,8
840,232,42,28,22
841,19,66,7,7
842,14,71,7,7
843,91,13,14,5
844,79,21,5,13
845,16,284,21,21
846,150,49,11,21
847,162,0,12,14
848,146,220,32,16
849,199,55,10,28
850,33,167,10,26
851,198,30,16,16
852,205,45,18,19
853,135,32,14,14
854,174,52,22,10
855,154,26,18,10
856,170,36,14,13
857,170,36,14,45
858,192,33,20,12
859,172,63,22,10
860,160,29,11,21
861,132,40,18,10
862,126,23,12,12
863,125,24,17,7
864,105,27,21,4
865,165,24,23,9
866,95,24,10,10
867,110,29,11,10
868,171,40,16,15
869,160,29,20,12
870,160,29,12,20
871,193,31,21,15
872,146,37,18,14
873,203,38,16,26
874,115,29,5,18
875,20,180,24,8
876,106,20,11,11
877,204,40,30,12
878,279,54,36,24
879,150,21,16,11
880,261,76,14,32
881,120,19,7,13
882,10,26,4,4
883,148,32,18,14
884,151,32,8,24
885,192,69,23,9
886,211,50,7,25
887,10,54,7,9
888,9,55,15,1
889,55,5,7,8
890,149,35,22,6
891,20,200,16,16
892,404,248,11,40
893,15,29,1,1
894,215,79,1,31
895,138,10,12,12
896,155,17,12,12
897,15,87,6,10
898,162,28,8,24
899,93,28,10,10
900,138,24,19,7
901,197,32,24,8
902,283,50,35,25
903,16,60,3,15
904,16,60,2,16
905,279,51,25,35
906,179,43,15,15
907,63,74,12,11
908,23,161,10,21
909,82,19,4,14
910,80,21,14,4
911,15,137,14,26
912,123,23,18,4
913,106,38,13,10
914,176,47,12,18
915,24,68,11,11
916,70,20,10,6
917,71,276,10,6
918,21,179,25,7
919,15,15,5,5
920,14,16,6,4
921,217,26,23,19
922,12,4,17,6
923,195,34,9,23
924,180,48,9,28
925,135,13,2,21
926,96,24,9,10
927,135,10,9,10
928,137,11,10,7
929,130,236,29,19
930,223,46,23,23
931,222,47,20,26
932,146,25,9,18
933,283,50,25,35
934,191,38,19,13
935,281,50,29,29
936,110,190,16,32
937,167,23,16,16
938,147,28,20,8
939,194,31,22,10
940,278,55,32,28
941,248,42,30,15
942,117,27,17,6
943,34,145,20,12
944,96,21,4,15
945,230,105,23,22
946,213,89,13,29
947,213,89,13,30
948,194,35,7,25
949,12,58,8,8
950,229,46,27,21
951,130,30,12,13
952,169,31,11,21
953,207,62,15,17
954,8,37,4,9
955,15,30,4,9
956,164,26,20,12
957,195,20,12,17
958,275,58,30,30
959,162,22,16,9
960,107,12,7,11
961,162,28,17,15
962,165,35,10,22
963,165,35,8,24
964,149,34,25,7
965,260,77,17,28
966,152,28,22,8
967,252,40,26,19
968,160,20,8,20
969,159,19,19,9
970,159,211,19,9
971,159,19,10,18
972,116,21,14,11
973,23,205,12,30
974,125,225,25,25
975,19,49,7,9
976,63,10,3,8
977,63,10,8,3
978,127,55,14,16
979,276,54,35,25
980,8,56,5,11
981,238,97,15,31
982,194,35,9,23
983,135,36,8,19
984,135,36,14,19
985,148,21,18,10
986,192,69,9,23
987,85,15,8,12
988,231,167,28,28
989,92,22,15,3
990,98,17,14,4
991,185,42,18,14
992,169,21,16,16
993,80,25,8,8
994,147,36,12,20
995,231,43,24,24
996,281,52,25,35
997,234,40,21,27
998,197,62,26,11
999,101,9,13,4
1000,90,11,6,11
1001,20,283,20,20
1002,101,15,10,9
1003,159,30,20,12
1004,34,94,10,8
1005,94,21,13,8
1006,118,16,8,13
1007,55,8,3,10
1008,68,19,12,5
1009,85,15,10,11
1010,195,33,21,15
1011,60,16,9,3
1012,192,32,20,12
1013,162,28,16,16
1014,198,30,25,7
1015,193,32,13,19
1016,145,36,11,21
1017,7,29,4,6
1018,5,13,4,3
1019,4,4,2,2
1020,280,53,30,30
1021,20,113,11,12
1022,143,14,11,11
1023,203,26,22,10
1024,98,30,10,10
1025,22,121,12,10
1026,190,28,20,12
1027,244,103,22,20
1028,13,14,6,5
1029,13,14,5,6
1030,89,24,9,9
1031,98,22,9,7
1032,206,35,24,18
1033,192,20,23,7
1034,226,80,23,17
1035,162,23,20,12
1036,245,89,13,30
1037,109,23,6,13
1038,243,42,15,27
1039,78,12,11,4
1040,125,387,0,0
1041,138,30,21,6
1042,140,10,11,11
1043,191,34,8,24
1044,96,32,10,10
1045,218,74,16,16
1046,192,20,14,16
1047,140,26,20,4
1048,142,24,22,2
1049,280,50,24,36
1050,281,51,32,26
1051,282,51,36,24
1052,200,55,25,12
1053,145,36,19,6
1054,230,43,20,30
1055,56,22,4,8
1056,196,58,22,10
1057,197,58,9,28
1058,136,24,20,6
1059,143,27,7,20
1060,360,511,62,52
1061,30,170,22,10
1062,58,14,10,2
1063,58,14,2,10
1064,278,52,35,25
1065,72,17,11,5
1066,170,30,19,13
1067,40,192,18,14
1068,40,192,12,20
1069,250,42,27,18
1070,260,89,14,32
1071,197,32,20,12
1072,161,29,12,21
1073,133,10,7,12
1074,145,36,20,12
1075,12,187,20,12
1076,171,28,9,23
1077,149,53,29,3
1078,187,42,21,11
1079,22,70,6,16
1080,15,77,10,10
1081,95,16,4,14
1082,304,58,34,31
1083,161,29,12,20
1084,113,113,16,16
1085,96,21,7,13
1086,229,45,33,17
1087,151,45,16,16
1088,5,41,9,2
1089,85,20,10,9
1090,3,4,2,3
1091,54,15,2,11
1092,78,12,10,6
1093,24,64,9,10
1094,36,83,14,22
1095,189,70,16,16
1096,188,69,16,15
1097,160,30,10,22
1098,164,26,18,14
1099,141,35,16,16
1100,111,19,10,10
1101,279,54,27,33
1102,87,18,2,14
1103,80,16,7,8
1104,8,21,3,6
1105,6,23,2,6
1106,156,32,17,14
1107,246,46,28,17
1108,97,17,5,13
1109,253,39,30,15
1110,123,34,17,7
1111,116,28,8,15
1112,134,37,18,10
1113,198,73,16,27
1114,258,30,23,22
1115,192,33,9,23
1116,178,15,14,14
1117,56,17,8,4
1118,56,17,4,8
1119,100,20,10,11
1120,171,28,11,22
1121,255,37,30,15
1122,150,37,21,7
1123,165,32,11,17
1124,76,22,8,8
1125,280,53,33,27
1126,125,35,12,13
1127,152,31,13,19
1128,142,27,11,16
1129,72,19,6,7
1130,274,56,35,25
1131,274,56,25,35
1132,21,45,9,7
1133,262,38,19,31
1134,149,34,6,26
1135,119,23,6,15
1136,20,35,10,7
1137,14,46,6,6
1138,114,27,6,19
1139,96,24,11,11
1140,237,42,18,18
1141,90,22,13,6
1142,174,23,21,11
1143,170,30,13,19
1144,175,22,12,20
1145,161,29,21,12
1146,100,28,15,5
1147,55,23,1,12
1148,14,160,20,20
1149,220,69,25,19
1150,10,0,0,0
1151,10,30,3,5
1152,198,31,26,16
1153,289,41,30,27
1154,183,42,22,15
1155,89,21,7,11
1156,10,24,6,8
1157,193,36,23,9
1158,93,21,4,12
1159,86,14,6,12
1160,86,14,11,7
1161,186,40,18,18
1162,71,24,7,7
1163,10,28,5,3
1164,276,57,27,33
1165,196,29,11,21
1166,277,56,28,32
1167,153,32,16,16
1168,196,28,22,10
1169,202,23,22,10
1170,147,36,24,8
1171,17,8,4,4
1172,16,26,5,7
1173,200,35,15,27
1174,142,224,18,34
1175,207,63,12,20
1176,21,147,9,19
1177,89,21,13,5
1178,225,79,25,15
1179,181,50,16,16
1180,195,65,14,18
1181,15,56,2,14
1182,89,14,14,2
1183,225,49,17,31
1184,142,224,30,18
1185,253,39,27,18
1186,125,20,10,8
1187,157,26,21,7
1188,244,89,21,21
1189,17,149,7,21
1190,20,102,8,7
1191,180,36,16,16
1192,185,31,12,20
1193,12,49,5,8
1194,30,13,7,5
1195,245,90,5,38
1196,196,32,24,14
1197,20,160,8,22
1198,11,253,16,16
1199,191,73,9,23
1200,131,48,16,9
1201,222,72,20,12
1202,250,40,25,20
1203,191,45,21,11
1204,168,22,20,9
1205,79,20,9,8
1206,213,92,16,24
1207,13,264,20,20
1208,13,265,20,20
1209,184,94,28,12
1210,239,35,24,24
1211,251,42,28,17
1212,14,290,20,20
1213,48,12,7,7
1214,95,19,12,7
1215,125,25,14,8
1216,173,47,21,9
1217,113,31,12,13
1218,72,13,7,7
1219,19,10,3,5
1220,137,11,15,8
1221,140,8,7,16
1222,96,21,13,7
1223,107,26,6,17
1224,152,47,18,14
1225,14,50,11,4
1226,9,30,5,5
1227,0,49,30,20
1228,96,23,11,8
1229,114,14,11,8
1230,139,41,18,10
1231,60,20,10,5
1232,198,31,12,20
1233,91,21,12,7
1234,290,42,33,27
1235,284,48,33,27
1236,176,69,18,14
1237,178,67,24,8
1238,138,139,20,20
1239,170,56,20,12
1240,279,51,26,34
1241,283,47,21,36
1242,228,76,23,17
1243,18,20,5,4
1244,98,22,6,14
1245,180,21,11,17
1246,125,21,20,3
1247,139,29,15,12
1248,139,29,13,14
1249,200,29,13,19
1250,132,16,9,15
1251,119,16,12,10
1252,119,16,10,12
1253,283,50,38,22
1254,148,35,9,23
1255,102,25,15,5
1256,86,24,8,10
1257,87,17,14,4
1258,191,86,20,20
1259,75,27,6,10
1260,160,19,14,14
1261,30,13,8,4
1262,30,13,4,8
1263,100,15,8,10
1264,100,15,12,6
1265,102,22,10,10
1266,137,31,14,14
1267,135,33,11,17
1268,9,46,10,4
1269,10,45,7,7
1270,179,20,16,16
1271,38,162,10,22
1272,20,40,5,5
1273,37,149,21,7
1274,45,141,21,7
1275,179,20,24,12
1276,193,37,25,12
1277,259,56,20,30
1278,185,40,13,23
1279,30,45,3,7
1280,265,57,37,21
1281,224,80,14,26
1282,170,53,12,18
1283,35,10,4,6
1284,35,10,6,4
1285,85,25,5,13
1286,160,30,11,21
1287,9,31,5,3
1288,33,10,8,4
1289,132,16,9,14
1290,132,16,14,9
1291,116,28,7,17
1292,191,34,14,18
1293,191,34,26,6
1294,190,40,8,22
1295,108,20,5,15
1296,115,25,10,10
1297,177,46,9,21
1298,177,46,11,19
1299,148,27,13,17
1300,163,29,16,16
1301,110,23,3,18
1302,15,25,4,6
1303,210,33,15,27
1304,160,30,9,23
1305,162,18,8,19
1306,192,33,11,22
1307,41,70,20,11
1308,41,70,17,14
1309,22,309,21,21
1310,39,44,7,9
1311,277,53,28,32
1312,277,53,27,33
1313,111,27,16,4
1314,14,106,15,7
1315,155,28,20,12
1316,121,25,12,10
1317,282,50,29,29
1318,160,30,5,23
1319,196,15,15,17
1320,23,84,38,29
1321,203,57,23,15
1322,40,31,6,5
1323,280,53,29,29
1324,104,45,16,5
1325,166,24,16,16
1326,81,27,6,14
1327,101,11,6,14
1328,147,28,20,7
1329,258,76,13,30
1330,281,52,35,25
1331,196,29,20,12
1332,95,17,14,5
1333,162,28,22,10
1334,200,29,21,11
1335,221,64,24,19
1336,161,29,11,22
1337,78,21,14,5
1338,69,21,5,11
1339,160,29,22,10
1340,198,31,23,9
1341,103,18,13,5
1342,60,20,5,15
1343,119,23,5,16
1344,150,30,5,23
1345,163,27,20,12
1346,104,16,9,12
1347,276,54,26,32
1348,99,15,8,12
1349,15,16,7,6
1350,150,34,8,19
1351,280,50,36,24
1352,149,35,9,18
1353,247,91,16,28
1354,254,38,28,17
1355,48,16,7,4
1356,180,50,14,18
1357,142,27,18,7
1358,15,87,8,8
1359,195,68,16,16
1360,142,224,24,28
1361,210,30,23,19
1362,135,19,6,19
1363,142,27,8,15
1364,174,39,16,16
1365,112,12,4,14
1366,108,16,5,13
1367,146,41,11,17
1368,168,18,17,8
1369,137,34,13,13
1370,315,0,25,25
1371,151,32,13,19
1372,151,32,16,16
1373,154,28,16,16
1374,158,25,10,20
1375,0,190,32,0
1376,202,42,24,15
1377,119,26,13,13
1378,40,190,29,7
1379,52,177,16,16
1380,153,25,21,8
1381,157,31,24,8
1382,107,18,8,14
1383,225,75,12,36
1384,129,30,6,21
1385,165,10,13,14
1386,15,15,6,4
1387,61,135,20,9
1388,5,70,5,15
1389,100,15,13,3
1390,20,10,5,2
1391,38,38,7,7
1392,166,24,20,12
1393,198,17,15,15
1394,170,28,10,22
1395,196,33,11,21
1396,72,28,4,12
1397,70,30,4,12
1398,306,283,27,38
1399,112,16,5,15
1400,146,28,7,20
1401,183,48,15,16
1402,77,22,4,14
1403,0,1,1,0
1404,0,0,1,0
1405,0,0,1,1
1406,1,0,0,6
1407,1,0,0,0
1408,197,32,16,16
1409,156,26,19,13
1410,289,51,21,34
1411,294,39,26,34
1412,70,20,5,10
1413,10,17,3,3
1414,11,15,5,2
1415,226,62,22,23
1416,112,22,4,17
1417,204,41,23,19
1418,214,66,21,22
1419,86,17,10,7
1420,22,168,22,6
1421,75,24,7,8
1422,15,37,8,3
1423,89,15,13,5
1424,149,40,14,14
1425,162,28,13,19
1426,208,41,16,28
1427,162,28,21,11
1428,171,19,19,13
1429,20,64,14,3
1430,250,75,17,26
1431,60,30,9,6
1432,201,28,11,21
1433,15,15,7,5
1434,198,31,8,24
1435,159,21,19,6
1436,180,95,10,30
1437,195,34,8,24
1438,137,23,11,13
1439,206,44,25,19
1440,130,30,18,6
1441,147,35,10,22
1442,149,35,22,5
1443,97,20,5,15
1444,159,27,25,5
1445,70,26,10,4
1446,189,60,20,17
1447,130,42,19,9
1448,234,84,20,20
1449,213,89,29,14
1450,202,27,16,16
1451,226,73,30,18
1452,124,20,11,13
1453,106,21,10,10
1454,162,23,18,14
1455,11,41,9,4
1456,11,41,4,9
1457,32,6,7,3
1458,155,28,15,17
1459,25,174,11,21
1460,220,80,27,13
1461,217,83,25,15
1462,130,42,18,9
1463,282,51,35,25
1464,263,30,30,10
1465,71,25,5,10
1466,140,40,20,7
1467,230,44,30,20
1468,194,35,17,15
1469,107,21,5,15
1470,176,23,5,25
1471,186,24,22,15
1472,190,39,22,16
1473,227,58,30,14
1474,234,51,28,16
1475,64,15,6,6
1476,148,27,18,11
1477,247,76,32,11
1478,259,90,17,29
1479,105,20,10,10
1480,103,15,9,10
1481,207,62,1,31
1482,195,30,20,12
1483,32,113,20,7
1484,159,22,16,14
1485,90,20,14,5
1486,205,39,27,15
1487,86,21,14,5
1488,200,29,8,24
1489,190,38,22,10
1490,122,22,12,9
1491,148,35,25,7
1492,160,29,19,11
1493,277,53,36,24
1494,162,35,19,13
1495,5,36,4,5
1496,26,173,24,8
1497,136,23,21,6
1498,40,35,8,8
1499,254,38,24,21
1500,92,93,16,16
1501,64,17,6,6
1502,278,51,29,29
1503,282,42,36,20
1504,30,170,1,31
1505,205,33,17,25
1506,135,23,12,12
1507,47,94,14,7
1508,198,30,17,15
1509,188,40,11,21
1510,147,30,12,20
1511,7,50,35,9
1512,8,49,42,2
1513,161,29,19,14
1514,10,40,4,10
1515,10,40,10,4
1516,154,45,11,21
1517,194,30,16,16
1518,126,18,11,11
1519,177,46,8,22
1520,192,37,19,13
1521,152,28,12,18
1522,216,38,26,17
1523,200,56,25,12
1524,200,56,26,11
1525,11,24,7,1
1526,91,23,10,9
1527,90,90,10,10
1528,18,42,7,8
1529,18,42,8,7
1530,158,28,20,10
1531,145,25,18,7
1532,152,18,16,12
1533,151,29,16,16
1534,10,46,4,10
1535,18,38,6,8
1536,201,23,11,21
1537,281,52,21,39
1538,39,160,27,5
1539,230,44,30,18
1540,161,27,20,12
1541,259,89,15,28
1542,233,57,32,17
1543,124,26,20,7
1544,164,15,7,20
1545,18,138,17,19
1546,20,60,11,6
1547,153,32,17,11
1548,186,38,21,15
1549,33,147,10,22
1550,192,33,22,10
1551,160,30,16,16
1552,138,31,13,13
1553,154,26,11,19
1554,185,23,12,18
1555,230,40,18,25
1556,229,71,29,17
1557,53,20,9,3
1558,53,20,3,9
1559,15,105,5,17
1560,72,25,3,13
1561,214,63,16,16
1562,210,71,22,10
1563,276,88,16,30
1564,114,27,6,18
1565,203,25,12,20
1566,281,52,22,31
1567,161,27,7,24
1568,250,42,21,24
1569,149,27,2,29
1570,82,19,10,9
1571,15,35,7,6
1572,174,26,20,12
1573,171,41,16,17
1574,258,57,35,15
1575,19,181,23,9
1576,142,226,20,31
1577,194,31,20,12
1578,180,30,16,20
1579,182,44,23,14
1580,9,45,12,6
1581,241,42,23,22
1582,232,42,36,10
1583,0,234,32,1
1584,48,20,8,2
1585,192,33,11,21
1586,48,16,2,8
1587,33,10,4,5
1588,259,41,32,18
1589,67,6,4,8
1590,85,14,5,14
1591,50,10,7,3
1592,33,10,5,4
1593,82,24,4,14
1594,157,32,8,24
1595,0,250,14,16
1596,166,30,12,20
1597,162,27,8,24
1598,10,22,6,4
1599,12,48,13,5
1600,10,50,3,13
1601,59,16,9,3
1602,141,17,18,7
1603,333,0,0,60
1604,50,16,6,6
1605,44,156,24,8
1606,148,19,20,5
1607,165,25,8,24
1608,108,20,15,5
1609,186,39,11,26
1610,8,28,5,5
1611,139,44,11,17
1612,278,55,29,31
1613,226,73,20,20
1614,234,51,11,34
1615,91,19,14,5
1616,7,33,5,7
1617,10,30,6,8
1618,199,30,18,14
1619,141,225,19,29
1620,17,47,3,13
1621,250,42,29,16
1622,160,30,19,13
1623,155,30,17,13
1624,247,42,23,22
1625,260,76,29,17
1626,195,71,22,14
1627,124,25,19,5
1628,20,126,6,19
1629,19,127,6,19
1630,73,17,5,11
1631,70,20,8,8
1632,109,20,10,10
1633,142,34,14,14
1634,238,60,23,23
1635,78,19,7,9
1636,152,28,16,14
1637,143,37,8,22
1638,279,54,25,35
1639,276,57,31,29
1640,148,34,16,16
1641,161,28,9,12
1642,130,19,10,14
1643,35,40,13,6
1644,8,25,4,7
1645,9,24,4,7
1646,35,40,9,10
1647,204,40,21,21
1648,231,39,10,33
1649,159,24,19,10
1650,54,146,23,9
1651,52,148,19,13
1652,152,26,9,18
1653,227,67,16,17
1654,140,29,17,8
1655,33,12,10,1
1656,33,12,1,10
1657,173,27,12,21
1658,156,29,16,14
1659,192,37,9,23
1660,70,25,8,7
1661,190,34,10,24
1662,150,48,10,16
1663,152,45,10,16
1664,78,12,3,13
1665,155,28,23,9
1666,163,27,16,16
1667,93,12,12,5
1668,101,19,5,15
1669,137,12,12,12
1670,47,152,4,28
1671,132,19,17,5
1672,227,47,26,22
1673,213,59,22,25
1674,45,183,9,23
1675,155,21,20,8
1676,136,34,11,16
1677,153,25,20,8
1678,160,30,8,24
1679,207,41,23,20
1680,140,226,30,18
1681,209,32,26,16
1682,273,91,27,19
1683,20,80,10,30
1684,93,24,10,10
1685,10,90,8,8
1686,113,30,15,8
1687,138,22,16,9
1688,279,54,34,26
1689,251,41,30,15
1690,25,48,8,10
1691,15,58,13,5
1692,186,39,10,26
1693,92,23,13,5
1694,180,20,12,18
1695,230,44,33,15
1696,297,36,15,45
1697,318,15,30,30
1698,11,48,10,5
1699,80,18,7,9
1700,191,45,16,16
1701,190,47,12,20
1702,146,27,18,9
1703,191,71,23,9
1704,169,29,12,20
1705,286,47,30,30
1706,24,62,3,17
1707,149,38,14,14
1708,279,54,33,27
1709,14,58,13,3
1710,220,74,22,10
1711,170,30,24,12
1712,25,110,15,12
1713,25,110,16,11
1714,242,56,23,23
1715,222,40,25,19
1716,106,34,10,10
1717,159,31,8,24
1718,241,92,16,27
1719,231,43,32,16
1720,39,161,3,29
1721,28,172,20,12
1722,18,190,15,15
1723,190,17,21,8
1724,260,87,22,22
1725,82,16,10,9
1726,232,42,29,19
1727,16,44,7,9
1728,194,44,24,14
1729,95,21,13,6
1730,6,9,3,2
1731,195,16,16,16
1732,78,21,2,16
1733,75,24,16,2
1734,144,26,19,8
1735,197,28,11,21
1736,101,26,15,5
1737,204,39,21,21
1738,188,92,20,20
1739,63,136,23,9
1740,84,6,12,16
1741,224,70,16,16
1742,200,29,12,20
1743,24,175,32,4
1744,226,66,16,16
1745,206,19,14,18
1746,157,33,24,8
1747,20,18,5,2
1748,12,55,5,11
1749,188,73,19,13
1750,247,88,22,20
1751,210,39,17,27
1752,151,24,21,7
1753,5,16,3,4
1754,212,92,15,25
1755,12,146,15,13
1756,10,20,30,40
1757,245,89,14,29
1758,201,43,25,17
1759,203,42,37,5
1760,10,30,5,7
1761,5,13,3,4
1762,201,29,17,16
1763,144,221,15,33
1764,192,33,16,16
1765,30,30,10,10
1766,31,31,7,7
1767,32,152,20,10
1768,24,164,22,6
1769,231,166,28,28
1770,73,20,5,10
1771,70,32,7,10
1772,122,18,21,3
1773,122,17,19,5
1774,126,27,7,18
1775,160,15,18,10
1776,154,21,18,10
1777,15,22,5,6
1778,159,30,16,16
1779,211,39,30,14
1780,114,20,12,12
1781,194,35,23,9
1782,82,19,9,9
1783,98,15,8,12
1784,160,29,21,11
1785,145,221,15,33
1786,115,29,16,7
1787,168,28,24,8
1788,31,108,17,7
1789,256,44,18,31
1790,18,128,17,4
1791,87,18,4,11
1792,10,70,8,5
1793,120,30,10,14
1794,55,24,6,6
1795,173,14,22,8
1796,235,93,25,20
1797,235,93,20,25
1798,281,52,37,23
1799,279,54,37,23
1800,146,23,17,10
1801,144,25,8,19
1802,148,35,10,22
1803,208,36,20,22
1804,52,11,1,12
1805,204,40,25,17
1806,251,41,15,30
1807,162,28,24,8
1808,64,18,3,10
1809,211,74,10,30
1810,188,26,16,15
1811,152,33,23,10
1812,146,35,16,16
1813,251,42,27,18
1814,210,46,20,23
1815,238,60,29,17
1816,199,30,25,12
1817,210,41,30,15
1818,212,38,16,28
1819,230,70,18,28
1820,104,16,12,9
1821,156,30,15,15
1822,198,31,9,23
1823,151,43,18,10
1824,290,43,28,32
1825,154,24,8,20
1826,201,28,22,10
1827,255,37,26,19
1828,75,22,15,3
1829,10,20,5,4
1830,10,20,4,5
1831,128,51,13,13
1832,30,169,21,11
1833,20,314,21,21
1834,198,33,19,19
1835,266,34,30,20
1836,89,15,14,5
1837,224,64,14,30
1838,95,95,16,16
1839,33,13,9,3
1840,33,13,3,9
1841,22,278,20,20
1842,220,73,28,12
1843,214,117,21,21
1844,10,49,9,3
1845,9,391,32,15
1846,20,200,13,19
1847,193,19,20,10
1848,147,36,20,12
1849,147,36,16,16
1850,141,42,7,25
1851,160,29,13,19
1852,29,150,24,8
1853,124,20,11,11
1854,286,47,24,36
1855,35,40,6,5
1856,208,41,17,27
1857,15,135,11,11
1858,85,21,9,7
1859,77,20,8,11
1860,14,134,11,11
1861,75,28,5,10
1862,229,45,25,23
1863,30,15,6,4
1864,88,24,10,9
1865,72,21,14,4
1866,164,32,10,22
1867,144,38,23,5
1868,168,27,16,16
1869,144,36,18,13
1870,147,37,28,3
1871,123,26,11,11
1872,63,30,8,8
1873,205,40,12,30
1874,23,176,24,8
1875,190,86,10,30
1876,250,65,23,27
1877,248,44,20,24
1878,229,105,23,23
1879,37,163,18,14
1880,174,42,20,12
1881,86,22,10,6
1882,212,16,19,13
1883,169,20,16,16
1884,91,28,10,9
1885,192,33,10,22
1886,82,24,12,5
1887,140,18,11,11
1888,185,22,16,14
1889,190,39,23,10
1890,255,40,22,24
1891,228,76,20,20
1892,175,15,12,20
1893,188,21,12,18
1894,197,33,16,16
1895,34,165,21,11
1896,166,24,19,13
1897,142,224,21,31
1898,143,223,17,35
1899,250,39,20,25
1900,189,36,24,13
1901,187,38,23,14
1902,69,17,6,6
1903,252,63,27,23
1904,70,20,5,11
1905,70,20,11,5
1906,251,41,22,23
1907,115,27,5,16
1908,194,16,15,17
1909,190,21,18,15
1910,115,22,19,5
1911,35,10,3,7
1912,36,9,2,8
1913,145,12,15,8
1914,50,10,6,4
1915,195,33,15,17
1916,162,28,9,23
1917,206,63,18,14
1918,150,30,23,7
1919,16,130,12,13
1920,45,155,22,10
1921,152,30,24,9
1922,20,40,5,9
1923,96,21,6,14
1924,1,1,1,1
1925,19,161,8,22
1926,17,150,8,20
1927,10,117,13,13
1928,147,37,23,9
1929,202,41,21,21
1930,100,22,5,15
1931,73,16,10,5
1932,73,16,7,8
1933,10,28,4,5
1934,118,28,4,19
1935,193,69,8,24
1936,130,32,10,18
1937,6,14,3,3
1938,158,238,27,27
1939,249,43,16,29
1940,148,36,10,20
1941,169,14,15,15
1942,159,24,19,11
1943,133,22,13,13
1944,251,40,25,20
1945,193,32,12,20
1946,126,174,17,31
1947,82,15,14,6
1948,82,21,9,8
1949,273,49,38,22
1950,150,30,8,22
1951,227,73,27,19
1952,85,17,9,11
1953,77,78,13,12
1954,273,90,14,30
1955,85,23,8,10
1956,121,27,16,8
1957,164,26,13,20
1958,149,34,24,8
1959,118,26,6,17
1960,150,30,10,20
1961,178,25,23,14
1962,167,72,16,16
1963,153,25,15,13
1964,107,37,9,15
1965,194,31,13,19
1966,166,167,30,30
1967,187,39,12,25
1968,270,60,40,20
1969,35,195,30,12
1970,85,16,12,8
1971,83,18,15,5
1972,148,35,14,16
1973,132,15,10,13
1974,132,15,11,12
1975,163,17,8,20
1976,163,17,19,9
1977,73,17,3,13
1978,73,17,4,12
1979,116,27,3,19
1980,148,35,16,16
1981,17,150,20,8
1982,170,29,8,24
1983,153,30,7,20
1984,181,37,23,15
1985,205,39,21,19
1986,102,24,6,15
1987,313,47,47,18
1988,148,51,6,26
1989,205,62,12,20
1990,32,158,12,19
1991,212,74,18,30
1992,145,10,7,13
1993,235,42,42,4
1994,50,150,20,12
1995,202,27,12,25
1996,95,25,10,10
1997,197,31,23,9
1998,129,20,14,8
1999,45,131,7,24
2000,84,16,6,9
2001,18,60,10,7
2002,230,105,24,22
2003,89,20,7,11
2004,88,23,5,13
2005,192,32,12,20
2006,80,9,10,8
2007,80,9,12,6
2008,283,47,22,35
2009,160,22,16,16
2010,126,27,10,13
2011,196,63,28,10
2012,28,15,7,5
2013,235,43,18,27
2014,43,32,5,7
2015,94,24,18,4
2016,199,30,8,24
2017,16,7,4,3
2018,74,23,4,13
2019,93,21,15,3
2020,189,39,20,12
2021,159,31,18,14
2022,203,41,25,17
2023,75,23,8,8
2024,126,24,17,7
2025,155,21,15,14
2026,75,20,2,12
2027,75,20,12,2
2028,225,74,13,27
2029,168,17,8,22
2030,86,17,7,10
2031,196,63,26,11
2032,191,37,16,16
2033,189,39,26,6
2034,163,26,11,21
2035,192,38,23,13
2036,145,26,19,8
2037,243,50,20,20
2038,190,30,17,16
2039,87,20,12,5
2040,87,20,5,12
2041,18,19,5,2
2042,19,18,5,2
2043,192,68,14,18
2044,165,45,8,22
2045,191,69,14,18
2046,156,27,20,12
2047,170,22,13,19
2048,205,38,20,25
2049,222,72,16,16
2050,21,50,11,6
2051,83,17,5,11
2052,281,52,24,36
2053,105,22,6,14
2054,27,172,11,21
2055,288,39,32,23
2056,67,19,7,7
2057,244,96,15,31
2058,12,252,16,16
2059,43,11,2,7
2060,74,23,3,13
2061,157,15,13,12
2062,32,168,10,22
2063,179,49,7,30
2064,157,32,16,16
2065,20,35,5,5
2066,282,54,33,27
2067,214,65,18,25
2068,223,56,10,33
2069,210,15,7,25
2070,206,24,21,11
2071,150,20,17,10
2072,93,17,14,5
2073,257,92,12,31
2074,78,12,9,6
2075,192,36,16,16
2076,170,29,13,19
2077,202,21,26,6
2078,198,25,25,7
2079,196,29,17,15
2080,128,32,10,18
2081,159,241,41,18
2082,193,31,20,12
2083,205,15,14,16
2084,280,53,40,20
2085,155,27,5,22
2086,197,26,6,26
2087,149,32,16,16
2088,254,35,23,22
2089,231,43,16,30
2090,240,52,32,13
2091,27,156,14,18
2092,90,22,13,3
2093,86,19,10,6
2094,85,20,10,6
2095,83,17,14,5
2096,215,32,19,23
2097,56,11,12,6
2098,225,74,21,19
2099,231,58,32,17
2100,45,130,22,7
2101,18,36,8,6
2102,238,55,25,15
2103,149,38,14,18
2104,153,37,23,9
2105,168,21,16,16
2106,62,0,6,6
2107,192,30,11,21
2108,159,241,41,17
2109,116,28,7,18
2110,120,20,8,12
2111,135,25,17,10
2112,139,31,17,7
2113,130,31,7,17
2114,103,16,8,12
2115,191,71,20,12
2116,78,21,5,11
2117,190,36,10,27
2118,187,38,26,10
2119,190,36,11,26
2120,114,12,5,17
2121,174,49,19,11
2122,123,23,17,7
2123,264,36,31,19
2124,15,30,11,9
2125,152,28,13,13
2126,279,51,30,30
2127,200,30,22,16
2128,205,25,20,18
2129,58,20,9,7
2130,283,56,23,37
2131,80,10,7,7
2132,5,20,5,5
2133,130,30,12,16
2134,19,161,15,17
2135,136,27,9,18
2136,278,53,22,38
2137,172,22,15,17
2138,279,51,35,25
2139,170,20,16,16
2140,24,175,24,8
2141,92,25,10,10
2142,143,223,27,21
2143,137,29,19,9
2144,75,20,10,7
2145,229,45,19,29
2146,234,67,25,15
2147,260,32,20,25
2148,145,221,17,31
2149,144,32,22,8
2150,156,26,11,21
2151,154,29,25,7
2152,153,30,25,7
2153,203,36,25,17
2154,91,24,9,9
2155,103,5,11,6
2156,146,30,22,5
2157,78,17,3,13
2158,19,19,4,4
2159,19,211,4,4
2160,30,16,4,4
2161,63,17,3,2
2162,192,52,18,24
2163,140,25,17,10
2164,145,20,22,5
2165,228,45,39,7
2166,130,13,8,11
2167,192,69,12,20
2168,111,14,5,17
2169,209,60,10,22
2170,158,17,4,23
2171,225,75,16,32
2172,8,20,6,3
2173,28,28,5,5
2174,33,23,5,5
2175,20,50,12,13
2176,50,20,13,12
2177,290,0,24,24
2178,134,29,10,16
2179,123,21,11,11
2180,87,24,9,9
2181,230,44,27,21
2182,207,41,18,26
2183,170,10,15,15
2184,87,18,15,5
2185,157,30,19,13
2186,137,34,7,20
2187,63,15,10,5
2188,86,13,9,9
2189,85,14,10,8
2190,183,92,20,20
2191,224,76,15,33
2192,181,47,11,26
2193,94,25,11,11
2194,15,25,2,4
2195,285,48,25,35
2196,46,200,18,18
2197,60,186,14,22
2198,146,35,24,6
2199,66,12,5,10
2200,90,25,10,9
2201,25,30,19,18
2202,14,13,4,5
2203,127,31,13,13
2204,150,7,21,11
2205,58,13,4,8
2206,75,19,7,8
2207,223,62,26,16
2208,80,13,12,5
2209,235,93,14,32
2210,93,31,10,8
2211,257,33,21,26
2212,108,20,14,6
2213,192,38,22,16
2214,150,30,16,16
2215,145,36,16,16
2216,248,44,15,30
2217,77,6,7,4
2218,174,47,18,12
2219,199,30,14,18
2220,13,75,9,10
2221,13,75,13,6
2222,244,93,31,17
2223,163,26,10,22
2224,207,15,15,15
2225,199,30,7,25
2226,217,77,9,23
2227,266,34,27,23
2228,138,10,13,10
2229,146,220,21,30
2230,162,28,19,14
2231,91,15,13,5
2232,217,57,22,21
2233,72,20,3,9
2234,184,41,14,22
2235,234,40,12,36
2236,157,26,17,15
2237,205,44,18,26
2238,81,19,14,3
2239,13,76,10,10
2240,85,21,13,5
2241,290,46,32,28
2242,11,4,2,3
2243,195,53,0,0
2244,10,57,5,11
2245,9,9,3,2
2246,22,67,11,9
2247,9,22,4,5
2248,147,10,11,12
2249,91,24,4,13
2250,199,30,20,12
2251,197,57,11,27
2252,193,31,13,19
2253,162,27,10,22
2254,160,29,17,15
2255,226,78,25,15
2256,236,45,16,32
2257,58,24,13,7
2258,110,24,12,10
2259,192,33,21,11
2260,150,25,18,12
2261,140,225,28,21
2262,276,52,29,29
2263,61,14,4,8
2264,60,15,6,6
2265,124,11,9,13
2266,92,28,5,15
2267,192,32,16,16
2268,197,31,15,7
2269,192,36,9,23
2270,8,20,3,9
2271,10,28,4,8
2272,89,26,6,13
2273,51,18,3,9
2274,147,49,16,16
2275,255,40,18,28
2276,184,96,17,24
2277,189,36,13,23
2278,24,104,16,14
2279,26,102,14,16
2280,182,92,13,27
2281,167,43,13,17
2282,188,38,26,10
2283,109,37,4,18
2284,8,65,0,26
2285,40,8,5,4
2286,100,28,17,3
2287,10,26,3,5
2288,150,30,14,14
2289,98,21,8,11
2290,169,30,18,14
2291,191,69,15,17
2292,152,33,25,7
2293,21,49,8,8
2294,13,57,2,14
2295,282,51,26,34
2296,207,42,17,27
2297,146,36,20,12
2298,190,35,20,12
2299,204,25,21,11
2300,76,16,8,7
2301,55,10,7,3
2302,145,30,14,17
2303,132,50,16,14
2304,200,50,20,24
2305,118,32,15,7
2306,187,38,23,13
2307,345,0,36,16
2308,198,25,14,18
2309,257,75,22,22
2310,137,29,22,5
2311,12,26,3,8
2312,184,15,18,9
2313,197,82,29,11
2314,13,23,6,2
2315,12,24,5,3
2316,250,42,28,17
2317,243,90,28,18
2318,234,94,27,19
2319,167,23,14,18
2320,261,28,23,22
2321,215,35,31,14
2322,248,40,29,16
2323,9,21,5,4
2324,278,54,30,30
2325,159,28,16,16
2326,179,52,12,21
2327,251,41,23,22
2328,146,24,17,10
2329,215,65,22,18
2330,249,40,25,20
2331,93,7,9,9
2332,93,7,8,10
2333,284,43,21,34
2334,8,4,4,21
2335,99,15,14,5
2336,15,58,8,8
2337,233,65,24,22
2338,250,38,25,20
2339,207,29,21,15
2340,88,10,9,9
2341,88,10,10,8
2342,18,110,18,15
2343,286,38,20,40
2344,7,38,4,8
2345,26,174,22,10
2346,13,17,4,6
2347,201,66,12,20
2348,301,60,30,35
2349,132,16,10,13
2350,198,27,14,18
2351,193,69,10,22
2352,193,69,22,10
2353,99,21,6,16
2354,192,74,22,14
2355,194,68,23,9
2356,193,37,24,13
2357,92,22,14,4
2358,244,91,27,16
2359,14,16,3,6
2360,191,34,11,21
2361,190,87,10,30
2362,160,30,24,8
2363,105,13,14,4
2364,10,30,4,3
2365,10,40,3,4
2366,278,55,23,37
2367,85,26,6,10
2368,189,39,8,24
2369,279,48,29,28
2370,50,15,6,8
2371,50,15,8,6
2372,60,5,7,6
2373,140,14,12,12
2374,152,28,19,11
2375,148,35,23,9
2376,247,91,17,27
2377,161,29,16,16
2378,190,76,18,20
2379,79,19,8,10
2380,162,28,11,21
2381,90,16,11,8
2382,70,25,8,10
2383,75,20,10,8
2384,106,27,7,17
2385,108,23,6,14
2386,193,32,22,10
2387,168,29,13,19
2388,137,11,6,17
2389,244,103,21,21
2390,165,19,15,10
2391,65,119,15,10
2392,192,38,8,24
2393,144,31,15,12
2394,192,38,26,12
2395,165,25,22,9
2396,117,28,12,13
2397,79,21,8,8
2398,84,22,12,6
2399,85,16,13,6
2400,130,42,17,10
2401,36,198,34,0
2402,90,13,11,4
2403,15,35,9,3
2404,265,102,21,21
2405,259,90,19,27
2406,162,28,23,7
2407,216,62,10,34
2408,291,45,30,30
2409,42,18,7,3
2410,187,41,16,16
2411,104,22,5,16
2412,13,11,5,5
2413,134,13,14,8
2414,13,16,9,2
2415,172,33,24,8
2416,110,22,9,10
2417,279,53,32,26
2418,282,50,27,31
2419,167,23,19,13
2420,245,45,20,25
2421,195,60,11,26
2422,170,30,12,20
2423,145,24,17,10
2424,75,14,9,4
2425,145,25,9,18
2426,250,41,25,20
2427,212,92,12,28
2428,16,53,8,8
2429,276,58,26,34
2430,195,30,16,16
2431,32,166,19,13
2432,25,19,4,4
2433,0,19,4,4
2434,200,30,20,16
2435,255,37,26,20
2436,288,45,36,24
2437,192,37,16,20
2438,78,24,9,7
2439,197,31,27,15
2440,251,38,30,17
2441,281,46,33,22
2442,81,19,9,9
2443,212,33,34,8
2444,135,25,20,7
2445,43,10,4,5
2446,15,85,13,17
2447,71,17,3,10
2448,6,8,2,3
2449,0,54,30,20
2450,10,19,7,4
2451,77,23,12,6
2452,74,19,2,15
2453,59,13,9,3
2454,182,28,23,13
2455,157,13,13,15
2456,148,34,21,6
2457,149,33,22,5
2458,18,46,8,8
2459,148,35,24,8
2460,168,45,16,16
2461,79,24,10,7
2462,25,137,7,19
2463,204,40,24,16
2464,206,58,12,20
2465,190,90,28,12
2466,22,14,4,9
2467,248,44,19,26
2468,15,75,12,8
2469,12,78,13,7
2470,106,18,16,6
2471,205,38,25,17
2472,226,59,21,21
2473,141,43,14,14
2474,197,27,11,25
2475,87,19,6,10
2476,190,38,12,18
2477,79,24,15,2
2478,249,103,22,20
2479,128,10,12,10
2480,75,17,8,8
2481,102,22,14,5
2482,182,92,16,24
2483,192,37,10,30
2484,140,42,10,18
2485,181,29,14,22
2486,282,51,36,25
2487,96,14,4,16
2488,280,53,36,24
2489,166,44,7,23
2490,70,19,3,13
2491,75,15,12,4
2492,80,10,12,4
2493,80,10,3,13
2494,28,50,13,7
2495,149,35,20,12
2496,242,90,30,12
2497,224,45,23,23
2498,21,86,35,63
2499,47,60,35,63
2500,96,20,15,5
2501,113,25,17,7
2502,157,30,20,12
2503,105,20,15,6
2504,160,19,11,16
2505,177,48,21,16
2506,27,203,9,29
2507,139,44,9,19
2508,193,36,24,12
2509,238,37,34,14
2510,234,41,12,36
2511,226,59,32,11
2512,76,21,4,13
2513,278,52,30,30
2514,94,25,2,16
2515,84,21,9,10
2516,292,52,28,28
2517,92,28,4,16
2518,203,40,16,26
2519,244,45,22,23
2520,145,31,21,11
2521,150,30,22,10
2522,126,26,18,5
2523,95,19,7,12
2524,95,382,35,38
2525,220,75,26,14
2526,242,40,25,19
2527,150,43,8,20
2528,160,29,19,13
2529,194,36,14,22
2530,192,68,12,21
2531,160,30,13,19
2532,251,41,25,20
2533,278,54,27,33
2534,142,12,11,11
2535,149,34,8,19
2536,202,22,16,15
2537,249,40,23,22
2538,260,74,7,36
2539,93,20,10,8
2540,100,6,18,2
2541,122,122,21,21
2542,120,38,12,12
2543,22,30,5,4
2544,18,54,7,8
2545,76,24,4,11
2546,163,27,20,13
2547,16,0,0,0
2548,169,28,20,12
2549,164,26,13,19
2550,130,24,18,9
2551,85,11,12,3
2552,78,18,2,13
2553,199,30,13,24
2554,167,46,16,16
2555,167,46,13,16
2556,150,27,10,18
2557,78,20,13,4
2558,191,34,23,9
2559,254,35,22,23
2560,183,92,23,17
2561,18,87,9,11
2562,165,25,19,13
2563,26,150,16,16
2564,152,31,21,11
2565,284,60,33,20
2566,142,33,25,6
2567,168,20,15,17
2568,108,9,7,11
2569,146,24,10,17
2570,170,29,23,9
2571,168,46,10,22
2572,228,46,25,23
2573,185,40,14,23
2574,285,48,28,32
2575,60,20,10,10
2576,201,27,16,16
2577,146,27,11,16
2578,28,92,14,4
2579,197,32,21,11
2580,162,28,20,12
2581,252,39,31,14
2582,95,23,5,13
2583,183,45,22,16
2584,71,19,4,11
2585,201,37,22,20
2586,0,0,18,18
2587,5,25,3,3
2588,25,123,34,2
2589,90,21,11,7
2590,145,34,16,12
2591,65,15,5,10
2592,306,55,26,39
2593,305,56,26,39
2594,74,27,13,6
2595,165,25,12,20
2596,19,20,4,5
2597,19,20,5,4
2598,15,21,4,3
2599,15,21,3,4
2600,148,21,17,10
2601,202,42,28,14
2602,14,146,12,12
2603,122,16,8,13
2604,159,30,10,22
2605,55,29,10,12
2606,76,19,7,7
2607,112,40,14,10
2608,112,40,11,13
2609,9,29,4,8
2610,194,66,20,12
2611,165,25,17,15
2612,10,30,5,6
2613,10,30,6,5
2614,181,74,14,24
2615,63,34,12,8
2616,80,20,10,6
2617,80,20,6,10
2618,8,127,9,9
2619,101,34,5,13
2620,124,19,15,8
2621,215,35,17,27
2622,42,20,1,9
2623,42,20,7,3
2624,205,38,14,28
2625,138,24,9,17
2626,189,18,19,11
2627,158,25,21,7
2628,260,76,30,16
2629,263,86,32,14
2630,54,9,4,9
2631,195,30,15,17
2632,173,39,15,16
2633,19,51,14,3
2634,76,13,8,5
2635,12,57,5,13
2636,36,12,6,4
2637,157,33,12,20
2638,10,190,14,14
2639,145,51,18,14
2640,167,33,19,13
2641,143,36,19,13
2642,150,33,25,7
2643,116,28,13,9
2644,221,59,11,32
2645,141,33,15,12
2646,120,21,16,8
2647,282,51,23,37
2648,256,93,23,23
2649,145,26,14,13
2650,200,68,25,10
2651,212,88,33,10
2652,93,35,15,5
2653,139,30,9,16
2654,36,9,5,8
2655,39,9,6,7
2656,108,14,11,9
2657,37,163,15,22
2658,172,28,8,24
2659,157,28,11,19
2660,111,21,17,6
2661,242,92,12,31
2662,153,27,20,8
2663,156,26,20,8
2664,298,63,25,40
2665,80,26,10,7
2666,189,36,12,20
2667,113,20,19,2
2668,170,30,12,21
2669,35,165,24,8
2670,10,16,5,4
2671,108,31,12,14
2672,132,19,10,13
2673,136,14,15,7
2674,184,44,15,17
2675,19,180,25,7
2676,25,341,34,18
2677,110,18,11,6
2678,250,42,16,29
2679,11,47,8,4
2680,142,23,10,17
2681,249,43,15,30
2682,209,59,11,21
2683,162,27,7,25
2684,160,30,15,17
2685,15,30,4,7
2686,40,35,3,7
2687,77,17,13,5
2688,72,22,6,12
2689,109,11,10,10
2690,12,25,8,3
2691,20,160,16,16
2692,204,25,23,9
2693,11,93,10,10
2694,11,92,9,9
2695,107,29,12,8
2696,176,46,14,16
2697,70,20,10,8
2698,80,25,4,11
2699,80,25,1,14
2700,229,61,24,20
2701,86,20,13,3
2702,195,29,14,18
2703,128,10,14,8
2704,196,29,21,11
2705,134,20,13,13
2706,189,38,9,23
2707,147,29,10,16
2708,85,17,12,4
2709,80,21,12,4
2710,84,84,14,14
2711,197,32,26,6
2712,225,75,28,20
2713,80,26,6,11
2714,206,58,11,21
2715,282,51,37,23
2716,10,5,3,2
2717,10,5,2,2
2718,8,5,0,0
2719,9,55,5,11
2720,35,11,2,10
2721,168,20,12,18
2722,58,26,5,5
2723,15,18,4,4
2724,35,11,10,2
2725,16,10,6,4
2726,145,27,8,19
2727,16,10,4,6
2728,282,50,28,30
2729,17,47,9,7
2730,281,53,20,38
2731,20,132,11,11
2732,186,14,15,13
2733,191,20,19,13
2734,188,12,12,16
2735,8,8,3,3
2736,20,6,5,5
2737,264,35,27,23
2738,226,63,11,35
2739,57,21,7,7
2740,201,74,29,11
2741,167,15,5,21
2742,147,35,11,21
2743,91,23,9,7
2744,91,23,5,11
2745,62,14,3,10
2746,100,28,10,10
2747,70,8,4,12
2748,10,5,2,3
2749,50,150,10,22
2750,147,27,19,9
2751,206,42,14,29
2752,18,6,6,35
2753,176,23,15,16
2754,194,35,24,14
2755,245,73,13,30
2756,56,9,4,7
2757,22,54,8,9
2758,22,54,11,6
2759,193,32,11,22
2760,153,26,20,12
2761,255,21,5,9
2762,198,27,21,11
2763,150,30,21,11
2764,77,12,10,5
2765,77,12,6,9
2766,148,47,21,9
2767,152,27,8,20
2768,287,46,36,24
2769,198,25,22,10
2770,107,21,14,6
2771,221,72,10,30
2772,190,35,22,10
2773,173,49,19,11
2774,231,43,27,21
2775,77,22,12,4
2776,285,48,36,24
2777,202,57,23,14
2778,18,42,7,9
2779,18,42,8,8
2780,83,22,4,11
2781,189,36,20,12
2782,192,15,15,15
2783,78,28,9,7
2784,20,132,14,14
2785,155,14,5,21
2786,120,30,20,10
2787,200,44,13,29
2788,256,91,25,20
2789,106,20,7,13
2790,170,29,10,22
2791,90,18,12,6
2792,15,147,26,12
2793,204,40,22,20
2794,21,9,2,8
2795,123,28,7,16
2796,110,10,10,11
2797,149,31,21,11
2798,116,16,10,9
2799,12,54,12,4
2800,149,31,11,19
2801,149,31,19,11
2802,188,89,20,20
2803,190,35,8,24
2804,201,43,17,25
2805,259,42,20,28
2806,35,58,11,8
2807,15,145,12,12
2808,245,44,16,29
2809,280,52,28,30
2810,14,40,9,9
2811,280,53,34,26
2812,132,16,14,14
2813,122,23,17,7
2814,228,76,25,15
2815,148,33,12,18
2816,279,51,36,24
2817,16,183,8,24
2818,150,27,13,17
2819,151,29,22,10
2820,146,34,21,11
2821,87,25,13,6
2822,206,38,26,16
2823,142,9,12,12
2824,88,11,15,3
2825,171,16,20,10
2826,149,34,20,12
2827,219,56,16,16
2828,220,55,27,5
2829,87,13,7,12
2830,193,68,12,20
2831,194,68,20,12
2832,260,77,18,28
2833,99,20,7,14
2834,10,120,19,4
2835,80,14,11,4
2836,209,41,28,17
2837,20,180,26,9
2838,80,19,8,7
2839,155,32,7,22
2840,165,14,13,14
2841,80,21,7,11
2842,148,19,15,10
2843,158,28,15,15
2844,190,35,16,16
2845,90,25,8,10
2846,193,17,16,16
2847,260,32,27,18
2848,279,51,31,29
2849,156,21,17,12
2850,140,32,10,18
2851,105,15,10,10
2852,95,12,12,6
2853,79,20,17,1
2854,33,152,15,12
2855,79,20,16,2
2856,150,30,23,5
2857,145,25,7,19
2858,190,23,16,16
2859,153,15,13,14
2860,7,26,4,4
2861,198,76,20,20
2862,100,28,9,10
2863,154,15,15,11
2864,161,19,4,16
2865,248,44,29,16
2866,50,10,2,8
2867,188,40,26,6
2868,249,40,28,17
2869,24,66,9,9
2870,223,55,20,22
2871,32,64,10,12
2872,227,89,31,15
2873,189,36,16,16
2874,10,15,6,4
2875,282,50,24,34
2876,23,61,11,9
2877,128,36,14,14
2878,192,67,16,16
2879,146,34,11,21
2880,151,0,18,19
2881,229,45,24,24
2882,157,28,15,16
2883,75,25,7,7
2884,64,16,6,7
2885,11,50,12,4
2886,192,36,22,10
2887,16,26,6,6
2888,251,41,27,18
2889,188,21,14,16
2890,23,176,25,8
2891,251,38,22,23
2892,142,23,15,12
2893,152,28,20,9
2894,64,18,8,9
2895,196,29,10,22
2896,45,154,22,10
2897,152,33,16,16
2898,157,28,22,10
2899,196,74,25,17
2900,231,167,18,38
2901,227,91,20,20
2902,279,54,34,24
2903,94,19,12,8
2904,171,18,24,6
2905,88,12,12,8
2906,5,2,2,10
2907,70,50,7,15
2908,119,27,7,19
2909,0,61,32,2
2910,86,14,13,9
2911,70,29,9,9
2912,215,80,16,16
2913,250,20,22,22
2914,203,41,31,11
2915,117,17,9,9
2916,80,20,11,7
2917,193,27,12,20
2918,165,43,16,16
2919,219,57,29,14
2920,277,56,30,30
2921,70,9,8,5
2922,165,25,20,12
2923,27,150,12,20
2924,33,167,6,26
2925,193,36,8,24
2926,227,73,27,18
2927,144,37,8,8
2928,145,36,23,8
2929,145,35,22,9
2930,43,11,0,0
2931,259,41,21,29
2932,161,28,17,13
2933,273,391,14,35
2934,22,70,16,4
2935,22,70,15,5
2936,156,19,8,19
2937,151,41,10,18
2938,150,42,16,12
2939,223,61,23,21
2940,280,53,24,36
2941,155,20,14,14
2942,203,18,15,15
2943,139,3,0,0
2944,17,37,6,8
2945,202,23,18,14
2946,237,38,22,26
2947,194,35,22,16
2948,12,69,6,12
2949,278,55,20,40
2950,113,17,8,10
2951,20,6,5,2
2952,20,6,4,3
2953,200,29,10,22
2954,154,28,25,7
2955,97,16,11,8
2956,151,37,25,7
2957,166,18,17,8
2958,159,23,13,13
2959,134,12,19,4
2960,167,33,22,10
2961,144,41,13,14
2962,190,38,11,21
2963,99,19,15,6
2964,151,29,18,10
2965,151,29,10,18
2966,223,39,30,12
2967,150,27,9,19
2968,43,157,3,29
2969,38,162,21,11
2970,223,77,14,26
2971,253,47,30,20
2972,71,25,6,8
2973,12,26,3,3
2974,75,20,7,7
2975,150,16,9,19
2976,279,53,30,30
2977,84,14,13,6
2978,282,51,25,35
2979,188,40,8,24
2980,238,37,19,30
2981,189,39,7,25
2982,177,45,15,15
2983,79,21,12,4
2984,229,42,24,21
2985,174,23,12,20
2986,156,28,20,10
2987,189,37,26,13
2988,282,51,45,15
2989,78,18,11,7
2990,146,9,8,14
2991,8,7,3,2
2992,193,68,20,12
2993,160,30,21,11
2994,200,30,22,15
2995,192,38,25,12
2996,89,11,13,5
2997,88,12,5,13
2998,96,12,14,4
2999,150,50,10,22
3000,189,39,15,22
3001,202,42,20,22
3002,202,43,25,17
3003,233,41,23,25
3004,154,26,14,16
3005,118,30,12,11
3006,70,20,13,3
3007,170,20,8,22
3008,195,30,12,20
3009,153,25,22,6
3010,18,259,22,21
3011,208,42,22,22
3012,11,19,3,8
3013,9,21,6,5
3014,7,60,4,10
3015,7,60,5,9
3016,96,23,6,13
3017,99,20,6,13
3018,162,28,10,22
3019,10,26,2,9
3020,84,20,8,8
3021,120,24,2,21
3022,42,8,8,2
3023,40,10,8,2
3024,89,20,11,8
3025,244,48,27,18
3026,228,38,22,19
3027,228,38,20,21
3028,48,151,22,10
3029,150,30,8,20
3030,192,33,24,8
3031,190,71,7,25
3032,215,61,20,23
3033,114,14,14,6
3034,73,14,7,8
3035,131,17,6,17
3036,146,37,8,24
3037,70,16,7,9
3038,202,37,16,26
3039,143,46,16,16
3040,154,29,14,18
3041,149,34,16,16
3042,260,77,17,29
3043,90,90,16,16
3044,33,33,5,6
3045,74,22,3,12
3046,208,42,29,15
3047,162,28,25,7
3048,237,61,28,18
3049,121,24,17,7
3050,80,22,9,11
3051,151,30,19,13
3052,151,30,15,17
3053,226,78,15,25
3054,160,30,9,21
3055,149,31,9,21
3056,161,23,24,8
3057,102,23,12,7
3058,137,30,16,14
3059,76,20,8,8
3060,10,60,4,5
3061,10,60,5,11
3062,149,28,6,22
3063,84,17,16,3
3064,191,86,13,27
3065,206,63,14,18
3066,122,24,17,7
3067,95,21,5,14
3068,84,20,4,11
3069,91,15,13,4
3070,78,20,4,12
3071,162,28,19,13
3072,76,24,8,7
3073,207,38,19,23
3074,151,29,24,8
3075,147,33,22,10
3076,14,50,10,4
3077,206,43,21,21
3078,206,44,21,21
3079,154,36,13,19
3080,82,18,11,4
3081,203,41,22,20
3082,110,12,15,3
3083,54,15,8,4
3084,200,25,14,18
3085,74,20,10,6
3086,70,19,0,0
3087,85,14,10,5
3088,150,33,9,23
3089,148,27,7,21
3090,31,12,4,8
3091,69,33,14,5
3092,101,4,41,11
3093,72,18,9,9
3094,106,18,8,12
3095,85,24,6,10
3096,17,19,5,6
3097,40,23,4,9
3098,42,21,2,11
3099,120,24,8,14
3100,40,192,21,21
3101,280,52,21,39
3102,280,52,24,36
3103,275,55,40,38
3104,15,45,7,8
3105,130,30,25,15
3106,18,150,5,23
3107,192,32,18,14
3108,121,20,7,17
3109,140,15,10,12
3110,145,10,11,11
3111,112,112,16,16
3112,68,21,12,6
3113,158,27,18,12
3114,146,35,11,21
3115,155,28,20,10
3116,120,15,16,7
3117,167,22,17,15
3118,35,10,2,8
3119,35,10,8,2
3120,24,24,7,6
3121,20,110,15,17
3122,205,36,21,21
3123,95,19,9,9
3124,192,37,16,16
3125,88,14,6,11
3126,9,180,13,13
3127,17,205,15,15
3128,252,40,27,18
3129,83,14,11,7
3130,198,63,10,22
3131,218,76,16,16
3132,116,23,7,17
3133,10,28,2,9
3134,10,28,9,2
3135,206,16,5,25
3136,230,45,19,29
3137,27,48,7,11
3138,27,48,9,9
3139,355,28,7,45
3140,141,225,34,14
3141,8,24,3,3
3142,277,53,31,27
3143,171,28,20,10
3144,144,222,43,5
3145,154,26,19,9
3146,139,32,17,10
3147,130,17,24,1
3148,243,90,23,20
3149,88,20,6,12
3150,16,135,13,13
3151,15,137,17,9
3152,124,27,16,6
3153,101,19,3,18
3154,151,15,8,19
3155,118,13,8,12
3156,20,30,5,8
3157,157,43,16,16
3158,15,43,3,12
3159,223,46,24,22
3160,223,46,22,24
3161,110,20,15,5
3162,145,253,27,27
3163,216,56,24,23
3164,209,13,34,62
3165,209,63,27,20
3166,209,63,34,13
3167,197,32,15,23
3168,204,25,15,23
3169,97,32,10,10
3170,147,21,13,13
3171,227,61,20,28
3172,194,35,19,19
3173,20,180,23,9
3174,15,44,4,11
3175,218,75,1,31
3176,154,32,6,22
3177,161,17,13,18
3178,117,27,6,17
3179,255,34,17,28
3180,221,73,23,9
3181,78,12,6,10
3182,83,18,11,8
3183,67,22,2,11
3184,194,31,18,14
3185,96,18,13,5
3186,152,34,11,17
3187,230,45,18,30
3188,230,43,11,38
3189,19,180,24,8
3190,258,41,21,29
3191,9,46,9,3
3192,165,15,14,16
3193,227,47,16,32
3194,44,136,18,14
3195,120,26,10,12
3196,60,16,10,4
3197,60,16,4,10
3198,99,23,16,5
3199,65,24,2,11
3200,160,28,20,12
3201,116,28,6,18
3202,119,25,17,7
3203,259,41,30,20
3204,98,26,15,5
3205,309,51,38,27
3206,73,19,7,8
3207,167,33,18,14
3208,282,50,36,22
3209,281,51,39,21
3210,122,22,18,5
3211,197,28,20,12
3212,244,103,20,22
3213,261,73,13,30
3214,10,22,4,6
3215,10,58,11,5
3216,196,63,26,12
3217,172,28,10,22
3218,67,11,5,7
3219,152,18,14,13
3220,148,22,17,10
3221,72,28,15,3
3222,16,34,11,3
3223,80,22,4,14
3224,197,28,16,16
3225,285,50,27,31
3226,64,5,7,4
3227,65,4,4,7
3228,147,28,19,10
3229,147,28,18,11
3230,126,12,5,16
3231,21,82,8,7
3232,7,23,6,3
3233,7,23,3,6
3234,246,43,28,17
3235,20,179,8,24
3236,265,66,21,21
3237,150,21,19,8
3238,127,12,9,12
3239,56,14,8,7
3240,51,9,8,3
3241,50,24,4,11
3242,203,37,26,16
3243,20,160,22,10
3244,275,57,19,39
3245,166,166,29,29
3246,13,25,3,7
3247,166,18,18,7
3248,278,55,35,25
3249,281,46,36,24
3250,284,49,24,36
3251,248,44,25,20
3252,17,55,10,8
3253,92,23,17,3
3254,163,27,8,24
3255,10,72,8,11
3256,24,56,8,9
3257,192,68,21,11
3258,287,46,27,33
3259,50,15,3,4
3260,199,56,13,24
3261,134,36,8,22
3262,120,12,10,6
3263,280,52,32,26
3264,147,33,12,20
3265,70,13,3,8
3266,66,17,3,8
3267,112,17,11,9
3268,160,30,12,20
3269,197,28,8,24
3270,139,41,20,5
3271,206,73,27,13
3272,80,17,7,11
3273,106,24,10,15
3274,106,24,15,10
3275,13,19,9,3
3276,116,28,10,14
3277,227,76,14,26
3278,19,188,15,15
3279,280,52,23,37
3280,186,90,20,20
3281,206,36,19,23
3282,444,275,20,10
3283,85,14,13,5
3284,7,42,8,5
3285,10,39,8,5
3286,189,21,22,15
3287,171,19,16,16
3288,169,30,20,12
3289,10,55,8,8
3290,10,15,25,20
3291,122,7,7,16
3292,122,28,8,15
3293,256,43,22,28
3294,149,36,16,16
3295,128,17,17,8
3296,202,27,21,11
3297,113,23,15,5
3298,82,16,12,6
3299,48,18,5,3
3300,38,20,4,4
3301,15,319,21,21
3302,57,13,6,4
3303,100,20,12,8
3304,11,48,12,4
3305,81,20,14,5
3306,190,35,12,20
3307,180,30,18,14
3308,142,224,29,19
3309,156,34,18,14
3310,231,38,16,27
3311,204,40,29,13
3312,159,19,10,17
3313,8,32,3,8
3314,171,19,13,19
3315,150,33,16,16
3316,187,41,21,11
3317,189,20,14,16
3318,42,4,5,7
3319,89,21,7,12
3320,170,29,9,23
3321,149,34,8,24
3322,77,12,20,7
3323,30,150,6,18
3324,22,158,13,11
3325,195,12,22,8
3326,14,46,5,11
3327,227,74,25,15
3328,96,21,14,6
3329,149,30,22,8
3330,14,56,14,3
3331,100,30,12,12
3332,109,20,9,12
3333,53,240,38,8
3334,247,46,30,16
3335,207,45,19,26
3336,276,57,30,30
3337,43,30,6,5
3338,9,23,4,5
3339,130,42,14,13
3340,13,102,8,8
3341,136,34,10,17
3342,84,21,8,8
3343,195,70,9,23
3344,34,24,3,11
3345,191,69,20,12
3346,191,69,21,11
3347,190,34,16,16
3348,188,37,10,22
3349,282,54,36,24
3350,145,40,24,8
3351,79,20,14,3
3352,146,37,16,16
3353,246,44,20,25
3354,230,57,16,17
3355,207,41,21,22
3356,75,24,14,4
3357,36,268,7,34
3358,246,90,18,25
3359,88,23,13,6
3360,15,285,21,21
3361,277,52,29,31
3362,15,0,0,0
3363,8,18,5,3
3364,281,52,40,20
3365,290,43,40,20
3366,396,280,20,10
3367,220,73,13,19
3368,220,73,15,17
3369,223,71,12,20
3370,108,16,14,6
3371,250,42,31,14
3372,274,62,23,37
3373,10,40,3,6
3374,74,23,8,8
3375,153,32,18,10
3376,120,26,16,9
3377,128,25,16,10
3378,199,31,23,13
3379,167,43,12,18
3380,240,82,29,29
3381,25,28,3,6
3382,28,25,6,3
3383,84,21,5,15
3384,284,48,33,25
3385,246,89,21,22
3386,236,47,20,25
3387,153,30,4,28
3388,52,280,21,37
3389,281,51,24,34
3390,192,68,12,20
3391,162,26,21,10
3392,167,23,17,15
3393,175,47,22,8
3394,156,30,19,11
3395,155,30,20,10
3396,12,30,7,6
3397,248,44,20,25
3398,182,28,22,10
3399,121,20,7,18
3400,149,34,12,14
3401,19,47,9,7
3402,232,104,16,30
3403,232,104,28,18
3404,250,50,30,20
3405,148,218,16,35
3406,101,27,14,6
3407,249,42,22,22
3408,195,16,17,16
3409,11,79,9,8
3410,246,77,26,17
3411,205,61,11,21
3412,205,61,16,16
3413,153,27,8,22
3414,149,21,19,8
3415,15,138,12,12
3416,120,27,18,6
3417,15,45,6,7
3418,192,67,18,14
3419,176,19,16,16
3420,147,33,11,20
3421,24,54,10,10
3422,70,9,5,4
3423,72,7,3,6
3424,99,17,10,5
3425,156,244,19,40
3426,158,32,20,12
3427,30,0,4,4
3428,159,21,8,21
3429,10,145,11,12
3430,270,62,19,38
3431,151,28,20,9
3432,171,28,16,16
3433,153,24,19,7
3434,150,39,15,16
3435,35,164,8,24
3436,10,32,4,6
3437,227,61,35,14
3438,124,19,17,6
3439,150,40,18,10
3440,133,25,10,14
3441,116,22,8,17
3442,115,25,5,15
3443,11,59,12,5
3444,26,131,10,17
3445,202,25,21,11
3446,139,139,20,20
3447,126,34,12,12
3448,144,37,22,10
3449,165,165,30,30
3450,278,49,44,13
3451,15,46,8,10
3452,10,60,11,5
3453,36,60,1,29
3454,9,50,9,5
3455,27,43,12,2
3456,203,21,15,16
3457,52,17,9,2
3458,11,22,5,5
3459,199,30,21,11
3460,84,25,12,6
3461,70,22,10,4
3462,68,24,6,8
3463,162,27,12,20
3464,281,53,32,26
3465,147,22,9,18
3466,27,58,8,9
3467,149,31,23,7
3468,79,23,10,7
3469,150,30,19,9
3470,273,90,14,31
3471,264,103,21,21
3472,174,49,21,9
3473,134,20,16,10
3474,189,72,22,10
3475,24,54,7,11
3476,81,22,6,10
3477,193,31,10,22
3478,108,17,11,11
3479,283,50,22,38
3480,162,27,21,11
3481,20,180,7,25
3482,143,25,13,14
3483,8,19,3,5
3484,138,15,12,12
3485,169,31,22,10
3486,125,19,12,11
3487,55,44,7,9
3488,59,10,4,10
3489,101,18,15,5
3490,95,27,10,10
3491,62,10,6,6
3492,121,17,11,10
3493,163,27,21,11
3494,275,54,20,38
3495,190,39,10,22
3496,150,39,14,14
3497,112,113,16,16
3498,99,25,14,6
3499,10,172,16,16
3500,10,14,3,13
3501,10,10,1,15
3502,232,56,20,28
3503,258,92,26,17
3504,56,8,8,7
3505,54,10,10,5
3506,52,121,15,15
3507,60,13,6,5
3508,104,10,7,12
3509,147,36,19,13
3510,118,24,10,6
3511,128,9,16,3
3512,198,57,27,10
3513,154,21,15,13
3514,222,42,10,22
3515,49,16,12,2
3516,49,16,3,11
3517,204,40,16,28
3518,20,114,11,12
3519,181,37,15,23
3520,119,18,20,5
3521,119,18,21,4
3522,193,35,16,16
3523,78,22,11,5
3524,122,16,6,15
3525,178,22,14,15
3526,175,41,33,11
3527,226,51,10,33
3528,82,21,13,4
3529,97,20,7,12
3530,130,42,15,12
3531,112,31,3,19
3532,162,27,9,23
3533,284,49,37,23
3534,66,42,9,8
3535,16,120,11,10
3536,192,69,15,17
3537,12,23,4,4
3538,190,35,26,10
3539,75,17,13,17
3540,74,18,13,17
3541,101,27,9,11
3542,72,15,6,8
3543,193,17,6,24
3544,196,32,12,21
3545,203,41,16,28
3546,280,50,26,34
3547,149,36,14,14
3548,192,68,9,23
3549,190,22,7,10
3550,148,35,8,24
3551,150,26,14,10
3552,14,20,5,8
3553,13,21,5,8
3554,84,21,6,11
3555,40,8,6,2
3556,150,34,22,6
3557,99,23,8,8
3558,218,76,25,7
3559,52,17,2,11
3560,13,47,6,10
3561,199,56,10,28
3562,198,27,20,12
3563,30,52,13,7
3564,124,25,11,11
3565,12,66,13,5
3566,143,20,15,8
3567,233,57,16,32
3568,154,38,12,20
3569,231,59,22,23
3570,153,26,21,5
3571,143,24,1,8
3572,163,27,14,18
3573,507,122,15,7
3574,29,89,15,7
3575,12,105,11,11
3576,12,106,11,11
3577,155,31,22,10
3578,75,15,4,12
3579,79,21,4,11
3580,79,20,4,11
3581,195,42,24,7
3582,157,14,20,5
3583,152,19,13,12
3584,154,26,20,7
3585,10,35,7,4
3586,11,47,9,3
3587,95,22,9,9
3588,15,51,7,8
3589,164,26,14,18
3590,196,32,24,8
3591,76,23,7,7
3592,89,17,27,3
3593,154,28,13,27
3594,237,43,23,23
3595,142,33,15,15
3596,162,27,5,27
3597,293,40,34,26
3598,77,18,12,6
3599,68,10,5,11
3600,196,29,13,19
3601,22,168,6,22
3602,15,27,4,7
3603,133,25,13,13
3604,147,36,23,9
3605,5,23,4,3
3606,10,25,6,4
3607,249,87,21,25
3608,178,62,20,12
3609,48,12,3,7
3610,158,30,14,14
3611,29,105,8,11
3612,278,55,34,26
3613,158,32,10,18
3614,128,27,7,17
3615,195,55,18,19
3616,129,29,9,16
3617,199,17,17,13
3618,14,14,6,6
3619,201,54,25,12
3620,201,54,26,11
3621,93,27,14,6
3622,242,44,20,25
3623,197,32,19,13
3624,197,32,13,19
3625,260,90,31,10
3626,12,24,8,3
3627,12,24,3,8
3628,133,35,13,13
3629,155,28,17,15
3630,244,93,30,18
3631,90,26,5,15
3632,90,26,15,5
3633,142,26,18,7
3634,95,26,6,11
3635,267,25,25,20
3636,238,415,45,23
3637,58,17,7,3
3638,75,0,10,0
3639,112,15,18,3
3640,112,15,21,0
3641,15,85,8,10
3642,83,30,10,8
3643,80,33,8,10
3644,94,24,6,12
3645,11,60,10,7
3646,12,59,12,5
3647,150,16,20,3
3648,87,12,10,4
3649,155,44,10,20
3650,145,35,14,13
3651,150,30,13,14
3652,226,74,17,31
3653,150,27,21,10
3654,157,29,8,22
3655,95,24,16,4
3656,221,73,7,25
3657,190,70,21,11
3658,21,39,5,10
3659,192,68,13,19
3660,295,45,28,32
3661,247,68,27,23
3662,150,35,13,17
3663,74,25,9,9
3664,14,16,4,6
3665,203,38,21,21
3666,149,26,18,11
3667,203,42,13,29
3668,241,92,21,22
3669,280,53,25,35
3670,278,52,25,35
3671,192,68,17,15
3672,116,23,17,7
3673,78,27,6,9
3674,69,15,9,7
3675,91,19,15,4
3676,7,183,18,14
3677,139,32,20,7
3678,231,59,21,25
3679,122,26,13,10
3680,10,20,5,5
3681,226,58,9,35
3682,226,58,8,36
3683,154,29,8,24
3684,193,37,25,11
3685,137,38,16,13
3686,170,53,9,23
3687,160,20,10,15
3688,15,51,5,10
3689,112,30,12,10
3690,162,27,20,12
3691,37,37,6,5
3692,232,58,20,25
3693,83,17,7,11
3694,146,35,14,18
3695,225,79,15,25
3696,239,58,23,23
3697,196,33,12,20
3698,73,27,15,4
3699,110,20,10,8
3700,117,23,9,12
3701,170,43,16,16
3702,180,20,13,18
3703,153,47,16,16
3704,84,22,4,14
3705,81,25,12,6
3706,121,28,9,13
3707,151,34,7,25
3708,228,47,25,23
3709,188,20,17,13
3710,225,58,13,30
3711,114,30,8,15
3712,18,20,3,5
3713,61,14,3,9
3714,280,40,29,25
3715,100,18,14,3
3716,147,23,16,11
3717,47,47,8,8
3718,72,21,6,10
3719,72,21,10,6
3720,194,30,9,23
3721,64,17,10,4
3722,170,30,20,12
3723,246,37,28,17
3724,185,40,23,13
3725,128,24,10,17
3726,46,12,6,9
3727,209,41,29,15
3728,57,14,5,7
3729,13,102,9,9
3730,220,80,10,34
3731,20,26,5,7
3732,163,27,23,9
3733,208,39,18,24
3734,207,36,19,23
3735,267,33,30,20
3736,172,27,11,21
3737,158,24,18,14
3738,162,20,18,14
3739,170,29,24,8
3740,78,19,4,12
3741,20,45,7,9
3742,195,68,18,14
3743,13,70,8,12
3744,207,42,13,31
3745,86,20,13,5
3746,18,58,2,16
3747,51,9,8,2
3748,105,27,6,16
3749,55,14,3,9
3750,55,14,9,3
3751,149,34,11,21
3752,196,74,14,29
3753,143,35,22,6
3754,138,9,18,42
3755,199,78,20,20
3756,211,69,13,27
3757,129,211,25,25
3758,277,56,26,34
3759,95,95,18,17
3760,186,42,14,18
3761,125,30,11,14
3762,131,49,10,18
3763,198,74,20,20
3764,235,39,18,30
3765,157,43,17,16
3766,135,37,13,13
3767,135,37,11,15
3768,190,28,22,10
3769,160,239,18,36
3770,139,33,5,20
3771,76,19,9,6
3772,212,37,22,22
3773,121,25,16,8
3774,200,37,18,24
3775,166,167,29,31
3776,225,75,17,23
3777,173,26,12,20
3778,228,61,20,28
3779,230,44,32,16
3780,144,14,19,6
3781,18,27,1,12
3782,34,166,11,21
3783,182,41,23,13
3784,101,19,8,12
3785,153,29,16,16
3786,160,22,20,12
3787,13,46,4,11
3788,15,44,11,4
3789,279,51,26,37
3790,180,48,28,9
3791,134,13,9,14
3792,29,61,23,1
3793,26,64,21,3
3794,253,39,29,16
3795,97,20,14,6
3796,193,32,6,26
3797,229,44,20,28
3798,74,10,6,6
3799,13,13,8,6
3800,13,53,4,10
3801,13,53,10,4
3802,244,91,26,17
3803,202,46,18,22
3804,160,25,10,20
3805,105,26,9,11
3806,231,44,20,28
3807,189,37,11,26
3808,10,43,4,6
3809,114,17,8,12
3810,147,37,14,13
3811,192,68,21,9
3812,32,35,2,8
3813,170,30,13,20
3814,22,56,16,4
3815,39,178,36,27
3816,192,84,17,23
3817,203,26,20,12
3818,50,32,12,18
3819,23,85,18,2
3820,193,32,11,21
3821,22,50,5,6
3822,198,27,22,10
3823,240,50,30,16
3824,136,40,10,15
3825,73,19,12,3
3826,6,32,3,5
3827,6,32,5,3
3828,283,50,29,31
3829,194,30,8,24
3830,193,31,19,13
3831,195,68,15,17
3832,28,60,8,14
3833,122,22,12,11
3834,211,89,26,17
3835,14,22,3,5
3836,158,28,12,17
3837,10,22,7,6
3838,222,70,16,16
3839,167,72,11,21
3840,160,39,9,24
3841,158,41,9,24
3842,176,63,22,10
3843,165,24,22,10
3844,169,28,14,19
3845,169,28,11,22
3846,187,38,14,22
3847,143,26,12,15
3848,285,48,33,27
3849,168,12,21,6
3850,161,19,7,20
3851,130,43,17,10
3852,150,32,19,11
3853,21,211,16,16
3854,140,44,10,18
3855,205,17,5,25
3856,152,34,15,16
3857,251,41,17,28
3858,235,39,24,24
3859,18,20,6,1
3860,19,19,6,1
3861,12,12,4,4
3862,60,12,4,4
3863,95,15,12,6
3864,95,15,6,12
3865,247,40,31,14
3866,141,30,18,9
3867,163,53,18,14
3868,137,10,10,13
3869,192,32,25,11
3870,166,16,7,18
3871,187,31,20,12
3872,144,25,9,18
3873,166,12,21,6
3874,228,61,25,25
3875,11,18,7,3
3876,284,48,34,24
3877,225,65,14,33
3878,232,42,33,15
3879,230,43,33,15
3880,0,0,8,8
3881,190,38,16,16
3882,251,64,23,27
3883,15,59,7,13
3884,169,14,13,13
3885,109,21,14,11
3886,105,25,11,14
3887,208,17,13,20
3888,193,32,16,16
3889,94,26,3,15
3890,246,43,25,20
3891,108,20,13,7
3892,214,88,22,20
3893,191,69,6,26
3894,295,38,34,26
3895,137,11,10,14
3896,138,10,8,16
3897,310,52,40,25
3898,155,9,13,15
3899,150,33,21,11
3900,151,2,9,23
3901,141,20,10,16
3902,40,189,29,7
3903,64,164,13,16
3904,148,32,16,16
3905,197,19,17,13
3906,196,19,20,10
3907,97,20,6,14
3908,96,17,10,8
3909,160,30,8,23
3910,99,17,7,10
3911,123,21,11,12
3912,196,70,12,25
3913,78,20,4,11
3914,223,6,19,19
3915,118,28,6,17
3916,115,114,16,16
3917,208,39,21,21
3918,345,0,26,26
3919,144,37,19,11
3920,75,23,4,12
3921,278,51,23,37
3922,106,22,6,13
3923,8,57,11,5
3924,282,52,29,29
3925,256,93,27,19
3926,190,38,11,19
3927,212,68,21,18
3928,150,18,11,11
3929,213,26,21,21
3930,120,28,17,7
3931,232,25,17,20
3932,282,48,30,30
3933,227,72,23,22
3934,18,182,22,10
3935,159,22,19,6
3936,110,29,15,5
3937,128,31,9,16
3938,178,40,28,16
3939,250,31,29,16
3940,197,33,12,24
3941,30,30,5,5
3942,209,34,14,26
3943,191,34,24,8
3944,183,42,14,22
3945,194,35,18,20
3946,121,18,15,10
3947,115,33,13,8
3948,194,35,9,25
3949,198,56,24,8
3950,290,43,30,30
3951,164,26,17,14
3952,159,31,13,18
3953,150,48,20,10
3954,150,48,15,15
3955,203,42,10,30
3956,8,22,4,5
3957,14,64,14,4
3958,23,55,11,7
3959,162,23,8,24
3960,282,54,38,22
3961,25,174,12,20
3962,79,22,11,4
3963,190,71,20,12
3964,24,8,3,3
3965,11,31,3,7
3966,79,22,6,10
3967,84,17,14,0
3968,282,52,35,25
3969,244,91,17,26
3970,128,62,18,15
3971,132,15,21,4
3972,130,29,8,17
3973,145,45,24,8
3974,96,18,12,6
3975,123,12,16,6
3976,11,21,5,6
3977,164,43,16,16
3978,11,21,6,5
3979,78,16,13,4
3980,167,23,20,12
3981,134,36,7,23
3982,152,40,12,16
3983,232,56,32,18
3984,143,4,13,12
3985,220,69,25,20
3986,86,20,12,4
3987,91,15,4,12
3988,250,45,17,29
3989,185,40,16,16
3990,184,41,11,25
3991,49,15,7,5
3992,191,86,15,25
3993,192,85,9,31
3994,20,30,7,6
3995,175,47,15,15
3996,170,19,17,14
3997,283,50,37,23
3998,151,44,15,16
3999,88,22,13,7
4000,205,43,26,17
4001,205,43,23,20
4002,107,20,14,6
4003,106,22,5,15
4004,151,34,9,21
4005,77,22,15,3
4006,210,34,21,21
4007,57,58,10,9
4008,84,6,10,4
4009,129,25,13,13
4010,145,251,36,23
4011,67,16,0,0
4012,211,89,18,24
4013,154,29,12,28
4014,200,22,23,7
4015,78,27,8,7
4016,12,19,6,2
4017,12,19,3,5
4018,149,26,9,19
4019,164,25,14,18
4020,227,77,25,15
4021,20,55,3,15
4022,20,55,15,3
4023,245,89,21,21
4024,44,8,6,5
4025,125,17,6,17
4026,171,28,10,22
4027,17,45,6,6
4028,277,53,29,29
4029,163,20,16,16
4030,279,55,38,22
4031,125,14,12,8
4032,137,32,17,10
4033,162,27,14,18
4034,294,39,32,28
4035,102,81,16,16
4036,167,23,16,12
4037,14,18,7,4
4038,162,18,14,14
4039,94,26,7,9
4040,279,54,35,25
4041,36,155,18,22
4042,101,99,5,33
4043,89,27,11,10
4044,250,38,31,14
4045,156,25,19,9
4046,14,185,19,13
4047,29,9,8,2
4048,28,10,8,2
4049,116,29,19,3
4050,277,56,24,36
4051,119,35,8,17
4052,84,15,10,9
4053,156,28,25,5
4054,154,31,8,24
4055,194,72,16,16
4056,224,36,28,15
4057,224,36,26,17
4058,76,24,9,15
4059,229,44,29,19
4060,93,20,4,13
4061,145,254,23,36
4062,15,120,28,22
4063,17,67,13,5
4064,97,20,13,7
4065,90,26,4,16
4066,139,27,14,14
4067,204,65,21,11
4068,460,73,21,11
4069,258,41,19,31
4070,80,20,9,7
4071,29,29,7,7
4072,14,72,5,7
4073,153,27,10,20
4074,116,15,8,12
4075,94,94,15,15
4076,252,40,25,20
4077,58,16,6,6
4078,12,52,12,3
4079,154,28,6,20
4080,192,18,6,24
4081,193,15,24,6
4082,193,32,23,9
4083,279,54,28,32
4084,160,30,15,16
4085,199,26,12,20
4086,80,20,9,6
4087,81,19,5,10
4088,279,54,30,30
4089,279,54,32,28
4090,20,300,21,21
4091,156,21,13,13
4092,11,31,4,6
4093,10,19,8,3
4094,250,39,16,29
4095,170,170,30,30
4096,5,40,5,7
4097,5,40,7,5
4098,69,22,3,12
4099,177,17,20,9
4100,20,10,3,9
4101,72,18,6,10
4102,14,36,5,7
4103,148,37,14,19
4104,76,21,5,13
4105,172,17,17,17
4106,120,24,7,18
4107,193,71,16,16
4108,157,32,7,23
4109,291,42,42,28
4110,291,42,35,35
4111,76,22,4,13
4112,115,27,6,19
4113,243,91,12,31
4114,15,21,2,10
4115,18,18,5,7
4116,110,25,17,6
4117,129,27,7,17
4118,196,29,16,16
4119,26,174,24,8
4120,232,104,18,28
4121,132,27,16,9
4122,101,17,8,11
4123,206,73,25,15
4124,197,18,24,5
4125,203,34,27,15
4126,230,60,23,21
4127,160,24,19,6
4128,149,34,7,20
4129,15,35,6,7
4130,106,24,9,9
4131,116,29,17,6
4132,252,40,28,17
4133,181,45,23,14
4134,20,255,16,16
4135,107,23,12,11
4136,106,24,15,8
4137,107,23,12,59
4138,240,50,24,24
4139,112,25,16,5
4140,189,60,24,14
4141,280,54,31,27
4142,156,29,20,12
4143,249,39,28,17
4144,196,29,7,25
4145,14,15,6,4
4146,203,19,25,7
4147,130,20,8,14
4148,161,29,18,14
4149,88,22,3,15
4150,260,74,10,32
4151,85,21,13,4
4152,134,102,10,26
4153,137,32,14,13
4154,208,40,23,20
4155,150,21,11,16
4156,148,33,11,19
4157,190,35,23,10
4158,108,14,10,11
4159,153,34,11,12
4160,151,43,16,16
4161,225,53,32,16
4162,27,170,17,13
4163,192,66,16,15
4164,191,40,26,16
4165,196,35,21,21
4166,189,36,21,11
4167,200,44,27,16
4168,200,44,26,16
4169,144,11,10,11
4170,142,13,13,8
4171,11,5,17,6
4172,135,47,13,17
4173,154,33,15,15
4174,19,161,9,21
4175,80,26,5,12
4176,132,16,15,8
4177,161,28,13,19
4178,245,40,33,11
4179,197,32,11,21
4180,5,13,3,3
4181,68,20,11,3
4182,263,71,13,30
4183,334,0,43,0
4184,189,29,22,10
4185,257,43,29,21
4186,150,16,18,9
4187,158,27,21,10
4188,32,56,32,22
4189,32,58,20,34
4190,73,39,6,13
4191,73,39,3,16
4192,70,6,6,6
4193,279,49,29,29
4194,128,15,17,5
4195,59,136,19,10
4196,61,134,19,10
4197,150,32,13,19
4198,208,42,15,29
4199,230,44,29,19
4200,95,21,6,13
4201,286,47,38,22
4202,98,18,14,5
4203,202,43,20,22
4204,202,41,18,24
4205,223,58,30,14
4206,10,41,8,8
4207,11,40,10,6
4208,231,43,22,26
4209,251,38,23,23
4210,201,43,21,21
4211,249,40,22,23
4212,119,28,6,15
4213,96,21,10,10
4214,161,29,20,13
4215,147,36,25,7
4216,118,31,5,18
4217,209,41,26,18
4218,89,17,11,9
4219,93,20,5,14
4220,208,39,26,16
4221,129,25,9,17
4222,0,148,10,13
4223,148,36,8,24
4224,96,21,8,12
4225,127,33,7,4
4226,187,75,12,20
4227,170,20,20,12
4228,132,30,9,16
4229,254,36,31,16
4230,130,14,12,12
4231,124,20,20,4
4232,201,28,15,23
4233,149,28,14,13
4234,149,28,13,14
4235,158,30,24,8
4236,170,19,21,9
4237,15,45,7,9
4238,108,22,17,5
4239,78,21,14,4
4240,12,52,7,8
4241,14,50,3,12
4242,10,26,3,7
4243,8,235,21,21
4244,145,145,23,23
4245,155,30,10,22
4246,200,29,16,16
4247,203,26,12,20
4248,69,16,9,4
4249,156,29,21,11
4250,203,40,26,17
4251,20,40,2,13
4252,147,28,18,12
4253,16,123,18,14
4254,87,19,3,13
4255,90,16,8,11
4256,12,18,5,4
4257,40,35,11,12
4258,258,57,25,25
4259,117,31,19,5
4260,122,25,8,17
4261,174,52,7,25
4262,181,47,13,25
4263,182,45,18,18
4264,279,51,22,38
4265,7,185,14,14
4266,14,64,11,7
4267,14,64,10,8
4268,280,56,35,25
4269,17,150,12,16
4270,226,78,20,20
4271,97,23,4,16
4272,168,14,11,14
4273,219,50,25,20
4274,219,50,20,25
4275,15,37,9,7
4276,15,37,7,9
4277,28,15,4,8
4278,28,15,8,4
4279,190,71,24,9
4280,31,159,20,12
4281,279,54,29,29
4282,200,30,17,20
4283,190,17,15,15
4284,23,309,22,22
4285,145,25,13,13
4286,15,25,7,7
4287,12,28,9,5
4288,120,12,7,9
4289,142,23,17,10
4290,80,10,5,5
4291,83,7,4,6
4292,193,31,22,10
4293,37,162,24,8
4294,229,45,30,18
4295,185,41,13,24
4296,143,29,18,7
4297,198,31,21,11
4298,9,4,2,2
4299,258,92,30,12
4300,127,26,17,9
4301,175,57,17,15
4302,178,54,16,16
4303,248,41,25,20
4304,145,29,22,5
4305,110,60,16,10
4306,95,22,10,10
4307,186,39,26,10
4308,284,48,28,30
4309,124,15,6,15
4310,189,35,21,11
4311,275,57,26,34
4312,276,57,33,27
4313,94,126,32,0
4314,187,93,20,20
4315,122,20,17,6
4316,210,84,16,16
4317,250,74,22,21
4318,39,161,16,16
4319,28,144,11,14
4320,72,23,4,10
4321,191,68,20,12
4322,124,15,13,8
4323,64,13,4,10
4324,117,31,11,11
4325,253,36,17,18
4326,157,20,14,13
4327,138,8,10,8
4328,104,21,15,5
4329,159,29,14,18
4330,150,33,14,18
4331,156,18,8,19
4332,156,27,25,7
4333,193,32,9,23
4334,285,45,30,30
4335,140,226,23,29
4336,66,22,10,3
4337,146,36,21,11
4338,1,2,3,4
4339,152,23,20,8
4340,115,29,7,17
4341,155,21,17,11
4342,146,24,12,16
4343,88,16,5,13
4344,8,18,4,4
4345,131,28,15,10
4346,252,24,23,20
4347,244,90,27,16
4348,252,40,22,22
4349,193,32,8,24
4350,138,9,12,11
4351,93,22,11,10
4352,199,10,24,6
4353,18,52,11,5
4354,258,42,27,21
4355,248,87,24,19
4356,136,46,14,16
4357,20,32,11,3
4358,21,31,11,3
4359,146,18,10,12
4360,146,220,27,21
4361,12,36,6,5
4362,71,21,4,9
4363,71,21,3,10
4364,193,51,21,21
4365,87,19,9,9
4366,48,92,10,10
4367,90,20,8,8
4368,160,20,6,19
4369,281,53,33,25
4370,154,35,16,16
4371,198,32,11,21
4372,243,55,23,23
4373,40,50,6,6
4374,171,29,10,22
4375,8,25,7,3
4376,193,67,16,16
4377,141,26,14,12
4378,161,25,19,11
4379,149,21,17,9
4380,148,22,17,9
4381,273,90,16,30
4382,198,57,10,27
4383,227,56,35,9
4384,101,26,6,15
4385,192,38,12,24
4386,137,30,14,14
4387,143,26,18,9
4388,330,0,60,0
4389,119,25,5,19
4390,195,32,9,23
4391,278,52,28,32
4392,167,22,11,20
4393,93,26,10,10
4394,77,18,8,8
4395,27,64,11,11
4396,200,75,28,5
4397,75,200,19,14
4398,89,23,4,14
4399,282,63,27,28
4400,187,62,13,25
4401,282,45,22,33
4402,160,15,11,20
4403,25,174,20,12
4404,161,28,24,8
4405,98,22,6,16
4406,82,20,10,8
4407,82,20,9,9
4408,90,30,9,10
4409,243,92,28,18
4410,15,61,3,14
4411,191,39,13,24
4412,177,16,17,11
4413,194,35,17,21
4414,124,20,11,12
4415,154,27,10,21
4416,155,43,26,2
4417,162,24,21,7
4418,222,28,24,20
4419,285,48,30,30
4420,91,13,5,14
4421,149,34,17,15
4422,72,26,8,8
4423,104,17,16,4
4424,145,220,25,25
4425,154,26,10,20
4426,194,66,21,11
4427,146,37,15,15
4428,155,27,16,16
4429,147,36,21,11
4430,75,25,14,4
4431,75,25,15,3
4432,20,40,6,13
4433,122,24,6,19
4434,203,25,20,12
4435,155,28,8,24
4436,34,200,34,0
4437,28,188,22,21
4438,175,25,32,0
4439,190,40,15,21
4440,85,85,14,14
4441,12,19,5,6
4442,12,19,6,5
4443,32,10,3,6
4444,21,143,23,5
4445,202,42,26,14
4446,151,28,22,6
4447,188,48,22,10
4448,231,69,25,15
4449,15,25,2,6
4450,63,11,4,7
4451,63,11,7,4
4452,112,14,10,10
4453,10,141,11,11
4454,12,28,6,7
4455,171,29,19,13
4456,228,76,27,13
4457,151,28,14,14
4458,229,71,24,16
4459,230,105,21,25
4460,170,52,15,17
4461,208,41,27,17
4462,120,26,19,5
4463,97,10,5,14
4464,149,34,8,22
4465,149,34,10,20
4466,67,20,7,6
4467,193,32,10,22
4468,90,10,8,8
4469,232,43,34,14
4470,136,32,20,7
4471,136,32,18,9
4472,165,25,11,21
4473,255,95,29,13
4474,169,29,20,12
4475,150,29,14,14
4476,151,29,16,14
4477,92,23,11,5
4478,12,196,15,15
4479,83,19,4,10
4480,187,89,20,20
4481,38,75,2,12
4482,160,239,17,37
4483,119,20,7,14
4484,167,13,10,15
4485,166,14,18,7
4486,166,22,8,22
4487,131,36,18,10
4488,136,31,18,10
4489,247,86,24,18
4490,112,22,10,10
4491,91,19,7,12
4492,160,36,16,16
4493,12,53,9,7
4494,118,31,12,10
4495,140,18,14,14
4496,280,53,23,37
4497,15,56,10,10
4498,147,20,13,13
4499,201,28,12,20
4500,161,24,24,8
4501,161,28,24,7
4502,67,32,11,7
4503,194,26,18,14
4504,18,10,6,8
4505,18,10,3,11
4506,189,39,16,16
4507,165,0,24,0
4508,253,36,22,23
4509,135,11,13,7
4510,290,43,32,28
4511,169,21,12,20
4512,287,46,26,34
4513,152,152,20,20
4514,11,18,6,5
4515,285,48,37,23
4516,141,28,20,6
4517,185,90,25,30
4518,106,14,7,13
4519,200,60,17,19
4520,177,43,18,20
4521,198,32,18,20
4522,244,90,12,31
4523,23,55,12,5
4524,196,58,20,12
4525,93,24,5,14
4526,209,73,16,16
4527,223,37,26,17
4528,55,16,6,3
4529,150,43,18,10
4530,193,56,8,29
4531,280,52,24,34
4532,8,19,4,4
4533,105,29,9,12
4534,190,25,19,19
4535,40,146,23,5
4536,282,45,23,32
4537,165,25,20,13
4538,5,79,11,11
4539,25,174,10,22
4540,39,160,18,14
4541,194,35,14,24
4542,195,33,26,12
4543,150,27,10,20
4544,162,16,16,11
4545,149,34,21,11
4546,161,29,25,7
4547,80,23,5,11
4548,94,17,12,7
4549,7,63,4,5
4550,86,14,10,8
4551,196,57,16,16
4552,161,29,24,9
4553,282,51,30,30
4554,153,30,14,18
4555,99,18,15,4
4556,87,25,4,14
4557,21,159,22,10
4558,87,23,6,13
4559,252,37,17,28
4560,260,74,13,29
4561,150,27,13,14
4562,150,27,9,18
4563,152,33,15,15
4564,155,30,23,7
4565,280,53,20,40
4566,157,31,8,24
4567,40,37,6,5
4568,14,267,16,16
4569,145,40,14,14
4570,146,36,15,17
4571,11,29,3,5
4572,186,39,8,24
4573,72,26,7,8
4574,75,16,8,8
4575,279,51,20,40
4576,60,19,6,6
4577,262,28,21,24
4578,39,161,10,22
4579,23,105,10,10
4580,182,92,30,10
4581,257,80,34,12
4582,75,24,4,13
4583,146,33,21,11
4584,146,33,21,10
4585,153,28,8,23
4586,153,28,21,10
4587,151,23,21,7
4588,224,32,21,11
4589,130,45,14,12
4590,197,58,24,13
4591,18,42,4,12
4592,150,36,7,20
4593,35,10,4,5
4594,35,10,3,6
4595,162,27,18,14
4596,18,152,12,14
4597,158,12,5,21
4598,85,23,5,15
4599,15,124,12,12
4600,15,124,7,17
4601,16,124,12,12
4602,9,6,2,3
4603,283,36,27,27
4604,192,36,21,12
4605,283,50,34,26
4606,196,12,26,4
4607,154,26,12,18
4608,271,51,25,35
4609,230,34,24,19
4610,16,33,7,6
4611,16,33,6,7
4612,123,22,19,4
4613,224,61,32,12
4614,81,19,3,16
4615,14,70,7,13
4616,110,47,16,6
4617,106,47,6,16
4618,91,24,5,13
4619,142,224,27,21
4620,91,16,5,11
4621,30,70,13,7
4622,213,89,28,14
4623,161,19,13,14
4624,190,35,19,13
4625,217,57,21,21
4626,227,47,24,18
4627,88,20,9,11
4628,76,13,3,15
4629,202,37,25,17
4630,196,32,20,12
4631,249,86,16,26
4632,245,93,13,33
4633,41,11,3,6
4634,99,7,12,6
4635,127,10,12,8
4636,249,104,21,22
4637,139,22,7,16
4638,139,20,9,16
4639,45,45,7,7
4640,40,66,33,33
4641,151,31,22,10
4642,66,12,11,4
4643,64,14,4,11
4644,92,25,12,7
4645,10,189,13,13
4646,166,24,22,7
4647,190,39,20,12
4648,26,173,7,25
4649,201,34,14,24
4650,160,25,22,9
4651,230,68,25,15
4652,144,33,24,8
4653,130,23,10,13
4654,210,29,21,21
4655,192,68,19,13
4656,253,39,18,27
4657,112,25,15,5
4658,111,17,5,15
4659,77,23,9,9
4660,11,64,3,14
4661,175,28,23,14
4662,191,38,10,22
4663,155,35,24,8
4664,155,35,25,7
4665,138,32,3,22
4666,140,140,23,22
4667,209,33,17,25
4668,153,37,12,18
4669,7,38,8,3
4670,7,38,3,8
4671,235,55,18,28
4672,182,92,15,25
4673,281,52,19,41
4674,227,63,32,17
4675,45,155,20,12
4676,78,22,15,3
4677,132,28,18,9
4678,100,21,15,5
4679,191,45,15,17
4680,148,32,22,8
4681,148,32,18,12
4682,160,134,16,16
4683,160,134,21,11
4684,264,28,16,29
4685,208,56,12,20
4686,229,71,15,31
4687,154,30,22,10
4688,8,89,11,13
4689,157,23,11,19
4690,153,29,20,12
4691,140,17,15,8
4692,227,73,24,21
4693,83,20,8,8
4694,273,47,32,22
4695,68,23,21,13
4696,249,40,30,15
4697,204,17,15,14
4698,255,41,27,19
4699,132,27,12,12
4700,15,5,3,3
4701,98,23,6,11
4702,164,33,23,11
4703,148,35,8,23
4704,95,27,3,17
4705,245,28,15,28
4706,18,52,2,14
4707,83,19,8,7
4708,159,21,19,11
4709,206,44,28,17
4710,193,36,10,22
4711,25,55,12,8
4712,25,55,8,12
4713,294,40,26,34
4714,230,13,16,26
4715,79,63,5,18
4716,184,90,20,20
4717,7,15,3,3
4718,61,12,2,4
4719,253,35,17,30
4720,166,167,22,38
4721,45,3,2,7
4722,87,23,5,13
4723,85,22,9,9
4724,112,12,3,9
4725,199,199,29,28
4726,165,56,26,9
4727,160,26,16,15
4728,288,45,29,29
4729,236,54,25,15
4730,60,20,8,5
4731,195,21,17,13
4732,146,33,22,6
4733,200,35,25,13
4734,190,86,27,13
4735,35,164,22,10
4736,282,45,32,23
4737,200,21,21,21
4738,34,75,12,12
4739,161,32,8,15
4740,292,41,34,26
4741,187,42,16,16
4742,105,25,16,4
4743,105,25,8,12
4744,198,57,11,27
4745,97,16,8,12
4746,84,21,11,8
4747,226,74,33,7
4748,42,139,14,18
4749,15,55,3,13
4750,15,55,13,3
4751,212,82,13,19
4752,187,38,10,26
4753,115,20,16,8
4754,9,15,3,8
4755,282,51,27,33
4756,15,37,6,4
4757,15,37,5,5
4758,315,0,42,8
4759,91,19,8,11
4760,93,17,9,9
4761,181,50,15,15
4762,78,22,7,7
4763,205,19,20,16
4764,181,41,14,16
4765,205,45,30,14
4766,160,20,5,20
4767,193,32,21,11
4768,207,42,15,29
4769,35,90,9,7
4770,161,29,22,10
4771,284,49,38,22
4772,188,89,10,30
4773,10,48,10,4
4774,20,38,10,3
4775,90,28,12,6
4776,149,29,8,20
4777,17,204,15,14
4778,17,204,15,15
4779,193,37,24,12
4780,257,92,27,19
4781,72,24,9,6
4782,87,16,12,6
4783,21,179,8,24
4784,154,32,4,24
4785,154,32,17,11
4786,261,31,15,30
4787,192,69,13,19
4788,205,20,22,10
4789,10,20,6,4
4790,191,18,25,5
4791,150,30,9,21
4792,150,30,22,8
4793,158,27,12,20
4794,282,51,20,40
4795,105,23,5,15
4796,246,0,21,21
4797,16,11,6,5
4798,22,56,9,9
4799,98,19,6,14
4800,261,89,16,30
4801,87,23,17,7
4802,22,87,11,9
4803,18,39,2,3
4804,15,42,3,2
4805,162,20,16,16
4806,142,16,15,9
4807,92,21,5,13
4808,238,15,57,47
4809,10,22,5,5
4810,132,40,9,19
4811,330,0,61,0
4812,207,78,14,26
4813,200,28,16,16
4814,40,159,20,12
4815,9,54,1,13
4816,10,53,1,13
4817,185,25,22,11
4818,84,18,4,12
4819,215,79,16,16
4820,190,17,14,14
4821,3,1,1,1
4822,161,14,21,7
4823,144,37,16,16
4824,128,31,18,9
4825,110,35,15,6
4826,100,21,15,6
4827,102,18,10,10
4828,95,23,8,10
4829,275,58,21,37
4830,62,12,2,10
4831,275,55,34,26
4832,130,5,6,15
4833,130,5,11,10
4834,154,28,24,8
4835,281,58,24,36
4836,93,21,9,9
4837,132,36,13,13
4838,203,47,15,29
4839,42,119,12,11
4840,163,27,9,23
4841,15,35,12,1
4842,19,31,9,4
4843,150,30,6,22
4844,148,34,24,8
4845,60,20,14,7
4846,152,28,22,10
4847,30,13,5,7
4848,12,106,12,14
4849,152,26,21,10
4850,27,71,6,13
4851,186,43,7,25
4852,90,17,9,8
4853,89,12,12,8
4854,164,26,12,20
4855,32,150,15,15
4856,67,17,5,11
4857,15,54,12,4
4858,173,7,6,14
4859,205,17,9,23
4860,405,204,16,33
4861,7,33,2,4
4862,7,33,3,3
4863,139,39,5,23
4864,34,17,3,3
4865,213,33,20,22
4866,278,53,30,28
4867,208,42,17,26
4868,30,12,7,5
4869,30,12,5,7
4870,7,25,2,8
4871,198,32,24,12
4872,97,19,15,5
4873,85,23,8,11
4874,161,28,8,24
4875,18,162,7,21
4876,104,35,11,11
4877,290,40,25,26
4878,84,22,5,14
4879,174,48,18,12
4880,181,41,21,9
4881,23,277,20,20
4882,20,179,21,11
4883,148,37,8,24
4884,202,42,19,23
4885,150,35,25,7
4886,161,18,15,10
4887,196,33,16,22
4888,166,44,8,22
4889,151,15,10,17
4890,52,11,3,10
4891,35,164,32,4
4892,197,32,10,24
4893,133,25,12,13
4894,149,34,12,20
4895,10,60,9,7
4896,63,64,8,11
4897,209,30,17,25
4898,193,36,24,8
4899,60,19,8,5
4900,60,19,6,7
4901,236,38,30,20
4902,35,61,16,14
4903,150,50,13,19
4904,149,34,22,10
4905,173,40,17,15
4906,258,79,16,30
4907,92,20,5,14
4908,202,33,14,24
4909,142,225,14,34
4910,19,88,11,8
4911,281,54,29,29
4912,30,10,8,4
4913,262,0,34,33
4914,205,38,21,21
4915,237,37,15,35
4916,145,15,7,16
4917,166,24,21,11
4918,17,190,15,15
4919,165,43,17,15
4920,87,13,13,5
4921,79,13,7,8
4922,281,52,29,31
4923,51,128,10,22
4924,14,13,7,5
4925,22,149,8,17
4926,185,41,23,14
4927,146,220,13,35
4928,21,179,24,9
4929,146,33,7,25
4930,193,37,19,17
4931,273,49,36,22
4932,65,25,4,18
4933,69,21,13,9
4934,159,30,12,20
4935,162,29,16,16
4936,226,74,21,21
4937,274,54,27,30
4938,191,32,24,12
4939,144,18,12,12
4940,136,7,7,12
4941,153,30,7,25
4942,81,15,5,10
4943,28,55,7,7
4944,6,20,6,6
4945,17,35,10,4
4946,164,26,15,17
4947,149,33,23,9
4948,231,43,25,25
4949,183,91,25,15
4950,99,24,14,6
4951,133,49,10,20
4952,206,29,22,16
4953,194,35,10,22
4954,199,31,27,11
4955,76,10,8,9
4956,290,40,35,25
4957,85,16,12,7
4958,80,21,7,12
4959,219,74,26,14
4960,275,57,34,24
4961,155,22,18,10
4962,139,31,11,16
4963,6,26,3,3
4964,152,48,16,16
4965,144,31,19,8
4966,243,95,32,13
4967,44,185,15,17
4968,15,38,7,6
4969,137,18,20,5
4970,13,40,8,5
4971,199,22,16,16
4972,259,474,23,9
4973,37,8,8,2
4974,284,49,34,26
4975,19,66,50,10
4976,20,65,52,8
4977,229,45,21,29
4978,25,174,11,22
4979,218,33,20,24
4980,210,41,25,18
4981,12,26,8,2
4982,196,29,13,20
4983,205,70,14,23
4984,250,42,17,28
4985,39,147,22,6
4986,288,46,27,31
4987,288,46,38,20
4988,250,40,26,21
4989,214,41,18,25
4990,192,38,31,6
4991,482,445,35,5
4992,282,51,22,38
4993,250,42,18,27
4994,8,7,2,3
4995,14,15,7,4
4996,10,19,4,7
4997,136,31,20,7
4998,251,41,18,27
4999,145,37,22,10
5000,167,22,12,20
5001,12,47,9,3
5002,46,154,16,16
5003,165,19,12,13
5004,164,26,8,24
5005,190,35,17,15
5006,249,40,31,14
5007,12,14,5,4
5008,162,28,14,18
5009,51,172,26,6
5010,116,23,17,4
5011,136,36,18,10
5012,221,73,28,12
5013,192,33,13,20
5014,146,38,13,14
5015,121,25,6,18
5016,263,25,22,22
5017,13,54,5,12
5018,13,246,46,12
5019,17,59,4,16
5020,14,62,7,13
5021,228,76,15,25
5022,195,30,10,22
5023,11,26,5,5
5024,10,27,5,5
5025,222,47,19,27
5026,198,31,18,18
5027,195,71,10,27
5028,207,62,30,2
5029,145,25,23,3
5030,140,29,6,19
5031,124,14,10,11
5032,193,31,21,11
5033,198,31,22,16
5034,93,19,13,3
5035,209,38,26,16
5036,249,43,35,10
5037,229,71,28,12
5038,154,29,24,8
5039,29,9,3,7
5040,29,9,4,6
5041,29,329,3,7
5042,250,39,28,17
5043,150,40,14,18
5044,156,34,18,24
5045,209,31,23,15
5046,208,41,23,21
5047,146,30,22,9
5048,148,35,12,20
5049,158,28,13,18
5050,145,34,16,16
5051,80,20,7,11
5052,120,245,25,25
5053,122,23,17,6
5054,203,34,24,16
5055,170,59,11,26
5056,250,42,15,30
5057,78,19,9,9
5058,140,29,15,12
5059,197,67,12,20
5060,166,22,9,22
5061,73,19,8,8
5062,184,93,20,20
5063,147,36,7,25
5064,165,15,9,19
5065,167,13,13,14
5066,11,21,4,7
5067,72,20,9,8
5068,68,24,6,11
5069,98,28,8,11
5070,204,25,11,26
5071,40,36,4,7
5072,276,56,34,26
5073,19,55,3,13
5074,207,38,17,25
5075,17,34,5,4
5076,17,34,4,5
5077,8,37,6,5
5078,54,16,13,8
5079,15,27,8,2
5080,15,27,7,3
5081,139,227,28,20
5082,149,34,10,18
5083,166,13,20,7
5084,155,28,14,13
5085,85,23,13,4
5086,192,37,22,16
5087,144,37,16,15
5088,3,14,2,2
5089,5,12,4,2
5090,116,31,8,13
5091,116,31,10,11
5092,118,27,3,20
5093,228,76,10,30
5094,20,40,5,2
5095,278,52,37,24
5096,137,29,13,14
5097,167,28,16,16
5098,278,49,34,21
5099,23,189,63,36
5100,249,74,30,13
5101,227,77,20,20
5102,154,24,25,7
5103,158,26,10,22
5104,156,26,10,22
5105,194,35,15,17
5106,30,8,7,3
5107,132,23,14,10
5108,161,28,11,21
5109,146,40,7,18
5110,202,23,16,16
5111,126,12,13,8
5112,202,42,14,28
5113,143,225,17,34
5114,284,61,27,27
5115,101,21,13,5
5116,32,167,22,10
5117,85,15,11,11
5118,73,18,10,8
5119,19,57,10,8
5120,193,35,21,21
5121,125,14,10,11
5122,126,13,16,5
5123,57,17,6,6
5124,199,31,12,20
5125,112,20,5,15
5126,160,30,18,10
5127,267,100,21,21
5128,150,43,14,14
5129,195,18,12,17
5130,153,17,13,13
5131,109,43,17,5
5132,20,63,15,5
5133,193,35,9,23
5134,170,18,8,24
5135,99,99,14,14
5136,222,71,16,16
5137,257,42,17,32
5138,151,29,15,15
5139,80,184,18,18
5140,130,6,3,20
5141,50,16,8,2
5142,65,16,8,2
5143,199,31,19,18
5144,203,24,21,11
5145,118,33,10,13
5146,168,40,16,16
5147,129,19,11,13
5148,106,38,10,13
5149,279,52,28,28
5150,155,25,6,22
5151,231,41,20,28
5152,211,33,16,26
5153,112,16,5,11
5154,94,7,11,5
5155,211,50,20,12
5156,211,50,19,13
5157,77,19,8,10
5158,89,20,5,15
5159,74,5,5,7
5160,164,25,22,10
5161,6,26,9,2
5162,5,27,2,9
5163,209,35,20,22
5164,209,35,32,10
5165,253,39,17,28
5166,94,27,6,14
5167,192,37,10,22
5168,194,17,17,15
5169,212,38,15,29
5170,71,19,3,14
5171,73,17,3,14
5172,15,244,16,17
5173,30,20,5,5
5174,60,23,6,6
5175,149,32,15,15
5176,147,36,15,17
5177,131,17,12,12
5178,70,8,8,8
5179,175,15,18,14
5180,121,17,13,8
5181,200,35,27,11
5182,92,28,12,8
5183,8,37,3,9
5184,154,32,18,12
5185,144,222,31,20
5186,100,82,14,14
5187,151,46,10,18
5188,48,152,22,10
5189,189,32,22,10
5190,138,76,18,14
5191,72,23,8,8
5192,209,37,21,21
5193,95,26,14,5
5194,21,135,4,25
5195,69,19,10,3
5196,289,44,31,27
5197,120,21,18,6
5198,163,20,18,14
5199,147,33,18,10
5200,197,27,11,22
5201,137,18,21,5
5202,8,23,4,6
5203,86,16,9,9
5204,176,14,14,18
5205,293,0,23,23
5206,84,16,13,6
5207,95,20,12,5
5208,427,480,60,5
5209,20,42,2,7
5210,60,50,18,12
5211,60,50,20,10
5212,65,23,8,8
5213,9,40,7,6
5214,232,88,29,17
5215,126,24,12,11
5216,21,146,14,14
5217,225,0,33,0
5218,40,160,15,17
5219,190,71,15,17
5220,124,14,11,10
5221,125,13,7,14
5222,144,43,5,27
5223,184,91,15,25
5224,281,52,39,21
5225,261,75,20,25
5226,91,10,14,4
5227,159,31,16,16
5228,158,32,15,17
5229,167,13,14,13
5230,264,19,22,23
5231,122,22,17,6
5232,89,19,6,11
5233,74,15,10,5
5234,72,17,9,6
5235,182,92,20,20
5236,153,34,16,16
5237,60,16,6,5
5238,145,35,10,22
5239,250,39,27,18
5240,230,44,17,33
5241,113,9,9,9
5242,154,0,12,14
5243,142,224,23,28
5244,128,25,18,8
5245,80,17,15,2
5246,4,28,12,6
5247,133,50,22,10
5248,111,23,5,16
5249,15,42,7,7
5250,94,95,16,15
5251,162,28,10,23
5252,115,33,6,17
5253,216,35,27,17
5254,84,22,9,9
5255,197,68,29,9
5256,242,55,23,23
5257,13,39,4,11
5258,72,21,4,14
5259,149,34,15,12
5260,153,27,22,7
5261,150,29,20,12
5262,200,44,21,21
5263,6,15,2,2
5264,92,35,10,10
5265,150,22,12,13
5266,244,92,24,19
5267,165,19,16,9
5268,157,18,11,16
5269,88,17,10,8
5270,36,9,8,2
5271,149,34,7,25
5272,126,23,7,17
5273,56,10,8,6
5274,140,20,15,10
5275,195,30,16,17
5276,105,25,0,0
5277,218,24,18,14
5278,23,98,13,7
5279,189,39,6,26
5280,33,96,10,16
5281,107,17,13,7
5282,198,31,20,12
5283,148,23,10,17
5284,199,30,25,13
5285,74,22,10,5
5286,228,72,32,16
5287,128,32,11,17
5288,25,55,23,22
5289,119,28,7,18
5290,90,14,12,7
5291,53,54,9,9
5292,154,20,8,19
5293,16,25,6,6
5294,70,20,6,10
5295,249,86,14,28
5296,250,84,22,20
5297,14,86,10,10
5298,262,41,5,5
5299,154,26,17,13
5300,37,58,10,10
5301,36,58,10,10
5302,20,10,10,15
5303,7,25,3,8
5304,6,26,3,8
5305,207,36,31,11
5306,280,50,35,25
5307,11,4,3,2
5308,100,22,16,5
5309,199,19,20,12
5310,164,26,24,8
5311,194,35,20,12
5312,50,150,23,9
5313,253,47,28,22
5314,19,296,25,25
5315,195,35,23,15
5316,27,152,13,19
5317,250,65,30,20
5318,274,49,29,29
5319,233,42,19,29
5320,214,32,19,23
5321,171,28,7,25
5322,140,19,13,11
5323,34,165,8,24
5324,151,32,6,26
5325,147,34,12,20
5326,34,166,25,8
5327,164,25,10,22
5328,19,141,12,9
5329,148,34,13,11
5330,18,153,7,18
5331,286,49,35,25
5332,132,30,17,9
5333,187,38,18,18
5334,124,25,4,18
5335,90,29,12,7
5336,434,264,36,37
5337,80,8,11,4
5338,249,40,27,18
5339,210,38,17,27
5340,200,55,27,11
5341,188,21,10,20
5342,178,39,26,19
5343,178,39,23,22
5344,50,16,5,5
5345,16,15,7,7
5346,190,71,25,7
5347,139,31,22,6
5348,112,21,14,6
5349,80,25,6,12
5350,38,39,5,6
5351,279,54,24,36
5352,166,23,15,17
5353,92,25,11,9
5354,120,22,11,12
5355,70,30,15,10
5356,251,38,28,17
5357,162,28,15,17
5358,230,44,10,36
5359,230,44,23,23
5360,290,40,25,35
5361,141,18,12,12
5362,10,46,3,11
5363,24,49,2,12
5364,17,56,7,7
5365,275,50,30,22
5366,20,116,11,11
5367,11,17,4,8
5368,9,19,4,8
5369,92,31,16,6
5370,259,33,23,23
5371,147,36,11,21
5372,79,6,5,8
5373,33,147,20,12
5374,17,33,7,6
5375,17,33,6,7
5376,22,16,3,5
5377,22,16,4,4
5378,54,54,9,9
5379,159,30,10,20
5380,191,37,12,20
5381,190,70,16,16
5382,169,20,11,21
5383,293,0,22,22
5384,70,29,13,5
5385,70,29,5,13
5386,43,120,15,15
5387,169,31,12,20
5388,232,42,20,28
5389,36,71,11,7
5390,85,15,12,5
5391,80,20,7,10
5392,259,90,13,33
5393,80,27,9,8
5394,227,47,17,31
5395,113,22,9,9
5396,19,161,11,19
5397,204,39,27,15
5398,12,13,3,3
5399,74,22,6,8
5400,148,35,12,16
5401,279,51,23,37
5402,192,36,25,7
5403,158,32,16,16
5404,250,42,13,32
5405,18,125,17,15
5406,117,27,12,11
5407,184,95,20,20
5408,15,131,14,7
5409,15,131,15,6
5410,13,129,17,6
5411,57,12,6,6
5412,300,30,13,34
5413,68,21,9,4
5414,168,22,11,21
5415,92,19,10,10
5416,207,43,17,29
5417,198,27,15,17
5418,204,32,20,13
5419,142,23,18,9
5420,135,14,14,8
5421,20,160,20,12
5422,183,43,25,11
5423,320,40,43,22
5424,205,35,16,26
5425,140,25,20,7
5426,140,25,18,9
5427,280,50,25,32
5428,7,61,3,20
5429,160,29,15,17
5430,282,50,33,27
5431,218,36,13,30
5432,218,36,16,27
5433,15,131,12,13
5434,15,131,13,12
5435,149,34,18,14
5436,77,26,5,10
5437,69,23,4,11
5438,168,21,19,13
5439,102,23,9,9
5440,150,34,13,14
5441,188,40,20,12
5442,15,35,7,8
5443,148,47,8,22
5444,222,68,25,23
5445,110,190,17,31
5446,241,32,22,10
5447,255,40,26,20
5448,256,93,31,15
5449,163,17,15,15
5450,137,43,8,22
5451,71,25,7,9
5452,198,62,9,23
5453,201,43,24,18
5454,158,33,14,14
5455,193,31,16,16
5456,96,18,15,6
5457,150,28,25,7
5458,192,69,16,16
5459,157,25,20,8
5460,254,38,30,15
5461,250,39,25,19
5462,279,54,26,34
5463,150,40,9,23
5464,107,17,11,8
5465,75,22,12,4
5466,193,19,24,6
5467,200,29,20,12
5468,194,17,20,12
5469,259,0,37,0
5470,158,28,20,12
5471,77,13,10,3
5472,63,22,8,5
5473,151,32,12,21
5474,91,15,8,8
5475,224,61,28,15
5476,112,25,17,2
5477,189,40,16,16
5478,206,40,17,25
5479,281,52,15,45
5480,232,42,21,27
5481,130,25,14,8
5482,22,128,13,13
5483,142,224,23,29
5484,206,23,24,8
5485,197,32,19,12
5486,197,30,19,12
5487,84,0,0,0
5488,21,179,24,8
5489,10,10,3,2
5490,161,29,17,15
5491,20,38,7,7
5492,118,14,11,5
5493,185,41,14,23
5494,40,160,30,2
5495,32,147,9,23
5496,108,10,7,15
5497,17,40,7,9
5498,282,50,30,28
5499,170,28,11,21
5500,137,32,11,16
5501,15,45,10,4
5502,163,27,11,21
5503,15,105,14,8
5504,15,45,8,6
5505,87,12,7,6
5506,203,43,17,25
5507,233,32,23,23
5508,223,42,23,23
5509,152,30,15,17
5510,132,38,19,9
5511,147,36,16,17
5512,13,46,11,4
5513,154,29,10,22
5514,52,18,5,10
5515,194,35,15,27
5516,147,33,11,19
5517,166,19,13,12
5518,100,22,14,13
5519,144,42,12,16
5520,160,29,19,12
5521,15,55,8,8
5522,89,15,5,13
5523,169,21,19,13
5524,27,138,7,19
5525,141,16,12,11
5526,192,33,14,18
5527,284,39,35,25
5528,73,22,4,12
5529,35,313,25,25
5530,130,50,14,17
5531,151,29,18,12
5532,213,26,18,24
5533,100,8,12,4
5534,98,10,4,12
5535,145,38,12,14
5536,313,47,37,28
5537,213,89,28,16
5538,35,45,6,8
5539,154,34,11,12
5540,12,39,11,4
5541,20,5,5,50
5542,247,42,25,20
5543,91,19,13,6
5544,88,22,6,13
5545,78,21,9,9
5546,246,43,16,29
5547,137,22,8,17
5548,15,45,6,10
5549,13,47,10,6
5550,280,52,20,38
5551,274,48,29,29
5552,85,20,9,10
5553,81,24,13,6
5554,84,16,6,12
5555,10,64,8,8
5556,190,35,15,17
5557,126,21,14,7
5558,161,19,12,19
5559,9,5,2,2
5560,25,2,3,18
5561,16,12,3,3
5562,149,27,21,8
5563,177,45,20,10
5564,234,51,11,33
5565,8,24,3,6
5566,166,24,10,22
5567,172,28,11,21
5568,16,17,3,7
5569,63,15,3,9
5570,63,15,4,8
5571,280,53,32,26
5572,244,91,26,18
5573,144,26,10,17
5574,153,27,19,9
5575,58,0,10,0
5576,197,28,15,17
5577,191,38,12,20
5578,150,30,15,17
5579,292,32,31,29
5580,288,45,35,25
5581,95,10,8,8
5582,156,41,20,10
5583,231,38,22,24
5584,85,21,5,13
5585,152,32,8,15
5586,159,20,8,20
5587,155,24,7,21
5588,144,17,7,20
5589,189,39,27,5
5590,54,76,9,9
5591,10,40,6,7
5592,10,40,7,6
5593,45,129,5,24
5594,106,11,5,13
5595,65,17,10,7
5596,46,46,8,8
5597,281,51,21,37
5598,187,38,10,22
